sets
    j        periodos de programacao          /1*11/
    i        indice dos pedidos              /1*30/
    w        indice dos estagios produtivos  /1*7/
    ;

    Parameters

    beta
    /0.0/
    tau(i)   custo diario de atraso do pedido i
/
1	5
2	8
3	5
4	9
5	6
6	9
7	9
8	9
9	7
10	5
11	7
12	5
13	6
14	8
15	7
16	6
17	5
18	9
19	9
20	8
21	5
22	9
23	7
24	7
25	7
26	8
27	9
28	7
29	6
30	5
/

upsilon(w)       custo de operacao do setor produtivo w
/
1	4
2	1
3	4
4	9
5	5
6	7
7	2
/

d(i)     data de entrega de i
/
1	7
2	10
3	10
4	10
5	7
6	10
7	10
8	7
9	9
10	9
11	8
12	7
13	10
14	7
15	7
16	10
17	7
18	8
19	8
20	8
21	10
22	9
23	7
24	10
25	8
26	9
27	9
28	9
29	8
30	7
/
;
Table TP(i,w)    Tempo de processamento de i em w
         1        2        3        4        5        6        7        
1        1198     1194     1155     911      726      398      1055     
2        492      971      917      684      1007     305      1073     
3        385      678      813      459      998      1022     925      
4        528      952      457      787      382      315      710      
5        314      712      830      932      670      408      369      
6        350      947      1006     1009     1144     730      995      
7        842      1020     1120     584      1036     666      588      
8        874      724      307      508      441      1100     925      
9        389      514      902      732      635      913      988      
10       540      300      834      816      743      433      464      
11       635      644      383      661      967      476      744      
12       614      850      677      1038     785      307      516      
13       621      378      371      913      762      1132     375      
14       1071     680      410      847      681      627      827      
15       472      1158     872      809      963      459      756      
16       1123     650      957      566      957      469      999      
17       1013     402      1045     594      599      895      920      
18       810      667      825      562      502      677      559      
19       528      710      818      1100     909      441      646      
20       923      799      489      1059     1175     634      618      
21       814      812      1150     663      933      883      1023     
22       734      925      744      1015     949      687      1154     
23       329      796      1071     614      503      1046     856      
24       682      445      1002     428      521      330      949      
25       1087     847      541      322      807      669      365      
26       1016     480      482      926      1002     1033     545      
27       477      704      958      349      1003     882      484      
28       961      490      1034     465      407      1141     376      
29       991      1085     783      1182     666      841      817      
30       948      502      861      363      787      1122     840      
;



Table CP(j,w)    Capacidade produtiva de w em j
         1        2        3        4        5        6        7        
1        23040    23040    23040    23040    23040    23040    23040    
2        23040    23040    23040    23040    23040    23040    23040    
3        23040    23040    23040    23040    23040    23040    23040    
4        23040    23040    23040    23040    23040    23040    23040    
5        23040    23040    23040    23040    23040    23040    23040    
6        23040    23040    23040    23040    23040    23040    23040    
7        23040    23040    23040    23040    23040    23040    23040    
8        23040    23040    23040    23040    23040    23040    23040    
9        23040    23040    23040    23040    23040    23040    23040    
10       23040    23040    23040    23040    23040    23040    23040    
11       23040    23040    23040    23040    23040    23040    23040    
;



