sets
    j        periodos de programacao          /1*7/
    i        indice dos pedidos              /1*30/
    w        indice dos estagios produtivos  /1*3/
    ;

    Parameters

    beta
    /0.0/
    tau(i)   custo diario de atraso do pedido i
/
1	9
2	7
3	5
4	9
5	6
6	8
7	5
8	6
9	5
10	7
11	8
12	5
13	9
14	9
15	8
16	5
17	6
18	6
19	8
20	9
21	6
22	9
23	8
24	7
25	8
26	7
27	6
28	7
29	7
30	5
/

upsilon(w)       custo de operacao do setor produtivo w
/
1	1
2	3
3	5
/

d(i)     data de entrega de i
/
1	6
2	4
3	6
4	3
5	5
6	4
7	5
8	5
9	4
10	5
11	4
12	5
13	3
14	4
15	3
16	4
17	5
18	6
19	5
20	3
21	4
22	3
23	3
24	3
25	6
26	4
27	4
28	5
29	6
30	6
/
;
Table TP(i,w)    Tempo de processamento de i em w
         1        2        3        
1        830      533      939      
2        662      333      310      
3        489      669      660      
4        784      708      943      
5        841      708      590      
6        749      1090     982      
7        1102     435      1105     
8        785      1177     769      
9        1017     855      946      
10       720      962      574      
11       710      1179     563      
12       329      333      482      
13       664      490      304      
14       953      315      510      
15       483      824      801      
16       361      1125     1190     
17       627      769      392      
18       1042     534      445      
19       459      1140     1060     
20       1055     695      558      
21       1116     961      1038     
22       1186     530      344      
23       397      571      551      
24       781      977      865      
25       603      643      512      
26       862      660      406      
27       402      851      952      
28       730      1103     676      
29       477      749      1023     
30       375      785      1042     
;



Table CP(j,w)    Capacidade produtiva de w em j
         1        2        3        
1        23040    23040    23040    
2        23040    23040    23040    
3        23040    23040    23040    
4        23040    23040    23040    
5        23040    23040    23040    
6        23040    23040    23040    
7        23040    23040    23040    
;



