sets
    j        periodos de programacao          /1*5/
    i        indice dos pedidos              /1*30/
    w        indice dos estagios produtivos  /1*3/
    ;

    Parameters

    beta
    /0.0/
    tau(i)   custo diario de atraso do pedido i
/
1	6
2	7
3	8
4	6
5	6
6	7
7	5
8	5
9	5
10	5
11	5
12	5
13	9
14	7
15	6
16	6
17	9
18	7
19	7
20	8
21	7
22	6
23	8
24	6
25	9
26	5
27	6
28	7
29	8
30	6
/

upsilon(w)       custo de operacao do setor produtivo w
/
1	9
2	5
3	1
/

d(i)     data de entrega de i
/
1	3
2	4
3	4
4	4
5	4
6	3
7	4
8	3
9	4
10	3
11	4
12	4
13	3
14	3
15	3
16	3
17	3
18	3
19	3
20	4
21	4
22	4
23	4
24	3
25	3
26	3
27	4
28	4
29	4
30	3
/
;
Table TP(i,w)    Tempo de processamento de i em w
         1        2        3        
1        606      706      861      
2        369      337      371      
3        854      478      1142     
4        1061     900      1048     
5        651      687      400      
6        1112     355      395      
7        452      619      602      
8        830      1180     603      
9        824      772      920      
10       686      395      929      
11       1159     1156     1110     
12       896      1048     808      
13       666      463      628      
14       988      313      772      
15       711      1042     470      
16       482      694      602      
17       684      821      408      
18       1053     1106     897      
19       543      497      763      
20       818      571      426      
21       1017     558      1081     
22       821      1063     870      
23       1041     761      665      
24       1040     353      784      
25       1075     534      507      
26       368      926      1046     
27       414      316      304      
28       588      1086     1089     
29       703      1094     900      
30       981      1152     943      
;



Table CP(j,w)    Capacidade produtiva de w em j
         1        2        3        
1        23040    23040    23040    
2        23040    23040    23040    
3        23040    23040    23040    
4        23040    23040    23040    
5        23040    23040    23040    
;



