sets
    j        periodos de programacao          /1*5/
    i        indice dos pedidos              /1*30/
    w        indice dos estagios produtivos  /1*3/
    ;

    Parameters

    beta
    /0.0/
    tau(i)   custo diario de atraso do pedido i
/
1	8
2	6
3	9
4	9
5	8
6	5
7	5
8	5
9	5
10	9
11	6
12	5
13	6
14	5
15	7
16	5
17	5
18	9
19	9
20	7
21	5
22	8
23	6
24	9
25	6
26	9
27	6
28	6
29	6
30	7
/

upsilon(w)       custo de operacao do setor produtivo w
/
1	1
2	8
3	4
/

d(i)     data de entrega de i
/
1	4
2	4
3	4
4	4
5	4
6	3
7	3
8	3
9	4
10	3
11	3
12	4
13	3
14	4
15	4
16	3
17	4
18	3
19	4
20	3
21	4
22	4
23	3
24	4
25	4
26	4
27	4
28	3
29	4
30	3
/
;
Table TP(i,w)    Tempo de processamento de i em w
         1        2        3        
1        300      867      1126     
2        914      602      974      
3        525      933      763      
4        870      1189     910      
5        1152     917      615      
6        470      900      934      
7        1142     1200     785      
8        509      1192     635      
9        707      918      359      
10       921      1064     657      
11       658      1051     503      
12       1069     603      672      
13       731      657      667      
14       1009     1120     717      
15       328      608      720      
16       493      987      372      
17       537      1185     821      
18       1015     967      880      
19       698      1076     505      
20       920      644      1183     
21       842      682      804      
22       736      1033     305      
23       810      822      436      
24       832      1020     373      
25       442      966      644      
26       843      548      683      
27       591      953      585      
28       814      837      369      
29       1100     781      557      
30       376      425      543      
;



Table CP(j,w)    Capacidade produtiva de w em j
         1        2        3        
1        23040    23040    23040    
2        23040    23040    23040    
3        23040    23040    23040    
4        23040    23040    23040    
5        23040    23040    23040    
;



