sets
    j        periodos de programacao          /1*9/
    i        indice dos pedidos              /1*50/
    w        indice dos estagios produtivos  /1*5/
    ;

    Parameters

    beta
    /0.0/
    tau(i)   custo diario de atraso do pedido i
/
1	8
2	6
3	9
4	9
5	8
6	9
7	6
8	6
9	9
10	7
11	5
12	5
13	7
14	6
15	9
16	8
17	6
18	5
19	9
20	8
21	5
22	6
23	6
24	5
25	8
26	6
27	7
28	5
29	9
30	6
31	6
32	6
33	9
34	9
35	7
36	9
37	9
38	7
39	7
40	7
41	5
42	8
43	6
44	9
45	7
46	5
47	6
48	5
49	9
50	8
/

upsilon(w)       custo de operacao do setor produtivo w
/
1	7
2	6
3	5
4	2
5	1
/

d(i)     data de entrega de i
/
1	5
2	8
3	5
4	6
5	7
6	7
7	7
8	6
9	8
10	6
11	8
12	7
13	7
14	5
15	5
16	5
17	7
18	6
19	7
20	5
21	5
22	8
23	7
24	7
25	8
26	5
27	7
28	6
29	8
30	6
31	6
32	5
33	5
34	6
35	5
36	8
37	5
38	5
39	6
40	8
41	5
42	5
43	7
44	7
45	5
46	6
47	8
48	5
49	6
50	5
/
;
Table TP(i,w)    Tempo de processamento de i em w
         1        2        3        4        5        
1        930      332      1144     300      865      
2        668      804      1007     1185     816      
3        834      561      720      1076     765      
4        820      1106     1156     501      1156     
5        1139     497      363      733      784      
6        377      977      464      496      609      
7        1036     978      851      840      760      
8        1047     869      1190     1042     895      
9        564      341      426      1113     877      
10       875      1118     1189     322      419      
11       848      308      659      669      623      
12       498      761      550      804      370      
13       972      541      339      1075     359      
14       793      1142     748      510      985      
15       512      719      1138     635      664      
16       972      334      525      1088     662      
17       557      972      337      571      1112     
18       932      748      617      303      433      
19       311      961      984      859      626      
20       1139     664      551      718      779      
21       738      723      771      388      744      
22       785      1136     746      1066     340      
23       919      387      734      707      802      
24       734      843      555      982      742      
25       1137     887      1051     396      1033     
26       496      923      709      633      623      
27       1106     890      629      629      440      
28       1183     501      1049     1063     1188     
29       899      1139     1086     579      822      
30       1083     502      763      628      1013     
31       711      446      833      809      984      
32       1140     981      732      960      484      
33       474      1141     1096     358      1120     
34       871      408      609      859      336      
35       967      924      855      641      1143     
36       623      706      528      380      309      
37       423      680      970      866      1065     
38       1142     1147     939      633      1144     
39       1000     569      1075     422      701      
40       684      455      1069     907      1085     
41       1054     1169     497      544      494      
42       1025     460      1090     822      614      
43       1122     644      969      481      361      
44       503      1167     302      533      1156     
45       1146     811      616      823      1152     
46       322      371      1123     517      1051     
47       772      999      920      730      667      
48       1001     1099     832      668      573      
49       639      445      631      386      810      
50       675      580      1054     1068     345      
;



Table CP(j,w)    Capacidade produtiva de w em j
         1        2        3        4        5        
1        23040    23040    23040    23040    23040    
2        23040    23040    23040    23040    23040    
3        23040    23040    23040    23040    23040    
4        23040    23040    23040    23040    23040    
5        23040    23040    23040    23040    23040    
6        23040    23040    23040    23040    23040    
7        23040    23040    23040    23040    23040    
8        23040    23040    23040    23040    23040    
9        23040    23040    23040    23040    23040    
;



