sets
    j        periodos de programacao          /1*7/
    i        indice dos pedidos              /1*30/
    w        indice dos estagios produtivos  /1*5/
    ;

    Parameters

    beta
    /0.0/
    tau(i)   custo diario de atraso do pedido i
/
1	7
2	9
3	5
4	9
5	5
6	6
7	5
8	7
9	5
10	8
11	5
12	7
13	9
14	8
15	7
16	7
17	5
18	5
19	7
20	6
21	7
22	5
23	8
24	7
25	6
26	8
27	6
28	5
29	9
30	7
/

upsilon(w)       custo de operacao do setor produtivo w
/
1	3
2	5
3	2
4	3
5	8
/

d(i)     data de entrega de i
/
1	5
2	6
3	6
4	5
5	6
6	5
7	6
8	6
9	6
10	5
11	5
12	5
13	6
14	5
15	5
16	6
17	6
18	5
19	5
20	5
21	5
22	6
23	6
24	6
25	6
26	6
27	5
28	5
29	5
30	5
/
;
Table TP(i,w)    Tempo de processamento de i em w
         1        2        3        4        5        
1        484      517      374      910      373      
2        807      410      1086     709      887      
3        921      944      623      1123     785      
4        847      415      1060     1037     972      
5        1093     609      1138     362      513      
6        1154     888      1099     809      651      
7        764      980      464      493      696      
8        304      779      302      415      783      
9        1009     598      1041     761      616      
10       1070     357      316      1097     1068     
11       1190     580      1072     940      322      
12       1045     1082     561      316      1104     
13       1022     814      923      556      1028     
14       541      849      673      1168     967      
15       368      444      778      874      332      
16       444      607      403      976      1017     
17       459      476      552      1152     713      
18       613      922      947      563      1100     
19       974      1142     1139     1141     324      
20       692      636      1127     836      1116     
21       526      688      913      701      1130     
22       1062     996      353      1114     1018     
23       1068     752      311      479      614      
24       398      980      869      440      803      
25       314      1037     942      1098     310      
26       914      316      592      807      829      
27       694      757      667      560      1126     
28       476      1057     784      523      371      
29       1121     529      936      763      669      
30       678      319      384      524      922      
;



Table CP(j,w)    Capacidade produtiva de w em j
         1        2        3        4        5        
1        23040    23040    23040    23040    23040    
2        23040    23040    23040    23040    23040    
3        23040    23040    23040    23040    23040    
4        23040    23040    23040    23040    23040    
5        23040    23040    23040    23040    23040    
6        23040    23040    23040    23040    23040    
7        23040    23040    23040    23040    23040    
;



