sets
    j        periodos de programacao          /1*9/
    i        indice dos pedidos              /1*300/
    w        indice dos estagios produtivos  /1*7/
    ;

    Parameters

    beta
    /0.0/
    tau(i)   custo diario de atraso do pedido i
/
1	9
2	8
3	8
4	7
5	8
6	6
7	7
8	5
9	7
10	7
11	9
12	5
13	8
14	6
15	7
16	5
17	7
18	8
19	8
20	9
21	5
22	5
23	9
24	6
25	7
26	7
27	7
28	8
29	5
30	9
31	9
32	5
33	7
34	6
35	5
36	8
37	8
38	8
39	9
40	9
41	5
42	8
43	7
44	9
45	5
46	7
47	8
48	5
49	5
50	6
51	9
52	9
53	7
54	9
55	8
56	5
57	7
58	9
59	6
60	8
61	9
62	6
63	7
64	5
65	5
66	6
67	6
68	7
69	5
70	5
71	5
72	7
73	5
74	9
75	7
76	7
77	7
78	5
79	7
80	7
81	7
82	9
83	6
84	8
85	6
86	8
87	5
88	8
89	8
90	6
91	6
92	6
93	5
94	8
95	7
96	9
97	8
98	9
99	8
100	7
101	8
102	7
103	7
104	6
105	7
106	7
107	9
108	5
109	6
110	6
111	6
112	6
113	7
114	9
115	8
116	8
117	9
118	8
119	6
120	6
121	9
122	5
123	6
124	5
125	8
126	8
127	6
128	6
129	7
130	7
131	7
132	9
133	8
134	7
135	9
136	9
137	6
138	9
139	8
140	7
141	5
142	7
143	8
144	6
145	8
146	6
147	8
148	9
149	7
150	6
151	9
152	6
153	6
154	6
155	7
156	7
157	5
158	9
159	8
160	7
161	6
162	6
163	6
164	6
165	6
166	6
167	6
168	8
169	6
170	6
171	8
172	5
173	7
174	7
175	9
176	7
177	8
178	5
179	5
180	7
181	8
182	6
183	8
184	7
185	9
186	8
187	5
188	7
189	7
190	9
191	7
192	7
193	5
194	6
195	5
196	6
197	6
198	8
199	9
200	9
201	9
202	7
203	5
204	8
205	5
206	7
207	6
208	8
209	9
210	7
211	8
212	7
213	9
214	5
215	8
216	7
217	9
218	5
219	6
220	5
221	5
222	5
223	9
224	5
225	5
226	5
227	7
228	7
229	5
230	9
231	8
232	5
233	5
234	5
235	7
236	7
237	5
238	8
239	7
240	6
241	8
242	8
243	5
244	9
245	9
246	9
247	9
248	6
249	5
250	5
251	5
252	6
253	7
254	9
255	7
256	7
257	6
258	6
259	7
260	5
261	8
262	8
263	6
264	7
265	9
266	8
267	6
268	6
269	6
270	9
271	5
272	9
273	6
274	5
275	8
276	8
277	8
278	7
279	6
280	8
281	5
282	5
283	8
284	8
285	7
286	6
287	8
288	5
289	7
290	9
291	7
292	5
293	9
294	8
295	8
296	6
297	7
298	7
299	7
300	5
/

upsilon(w)       custo de operacao do setor produtivo w
/
1	6
2	2
3	2
4	6
5	5
6	9
7	9
/

d(i)     data de entrega de i
/
1	7
2	7
3	7
4	8
5	7
6	8
7	8
8	7
9	8
10	7
11	8
12	8
13	7
14	7
15	7
16	8
17	8
18	7
19	8
20	7
21	8
22	8
23	8
24	8
25	7
26	7
27	7
28	7
29	7
30	7
31	7
32	7
33	8
34	8
35	7
36	7
37	8
38	7
39	8
40	7
41	8
42	7
43	7
44	8
45	7
46	7
47	7
48	8
49	7
50	7
51	7
52	7
53	7
54	7
55	7
56	8
57	8
58	7
59	8
60	7
61	7
62	8
63	8
64	8
65	8
66	7
67	7
68	7
69	7
70	8
71	8
72	7
73	8
74	8
75	7
76	7
77	7
78	7
79	7
80	7
81	7
82	8
83	7
84	7
85	7
86	7
87	8
88	8
89	8
90	8
91	7
92	7
93	8
94	7
95	7
96	8
97	8
98	8
99	8
100	7
101	8
102	8
103	7
104	8
105	7
106	7
107	7
108	7
109	8
110	8
111	7
112	8
113	8
114	7
115	8
116	8
117	8
118	7
119	8
120	8
121	7
122	7
123	7
124	7
125	7
126	7
127	7
128	7
129	8
130	8
131	7
132	8
133	7
134	8
135	7
136	8
137	7
138	8
139	7
140	8
141	8
142	8
143	7
144	8
145	7
146	7
147	8
148	8
149	8
150	8
151	8
152	8
153	8
154	8
155	7
156	8
157	8
158	8
159	8
160	8
161	7
162	8
163	8
164	7
165	8
166	8
167	7
168	7
169	7
170	8
171	8
172	8
173	7
174	8
175	8
176	8
177	8
178	7
179	7
180	8
181	8
182	8
183	8
184	7
185	8
186	7
187	7
188	7
189	8
190	7
191	7
192	8
193	7
194	7
195	7
196	7
197	8
198	8
199	7
200	7
201	7
202	7
203	7
204	7
205	7
206	8
207	8
208	8
209	7
210	7
211	8
212	8
213	8
214	7
215	8
216	8
217	7
218	8
219	7
220	7
221	8
222	7
223	7
224	8
225	8
226	8
227	8
228	7
229	8
230	8
231	7
232	8
233	8
234	7
235	7
236	8
237	8
238	8
239	7
240	8
241	7
242	8
243	7
244	7
245	8
246	8
247	7
248	8
249	7
250	8
251	8
252	8
253	8
254	7
255	7
256	7
257	8
258	7
259	7
260	7
261	8
262	7
263	8
264	8
265	7
266	8
267	7
268	7
269	7
270	8
271	8
272	8
273	7
274	8
275	7
276	8
277	8
278	7
279	8
280	8
281	7
282	8
283	8
284	7
285	7
286	8
287	7
288	8
289	8
290	7
291	8
292	7
293	7
294	7
295	8
296	8
297	7
298	7
299	8
300	8
/
;
Table TP(i,w)    Tempo de processamento de i em w
         1        2        3        4        5        6        7        
1        1007     942      1079     456      800      1046     911      
2        360      333      952      972      912      629      655      
3        922      1130     445      1194     860      947      1171     
4        1158     583      915      956      883      1006     612      
5        840      608      618      586      396      1073     802      
6        318      514      967      843      881      1079     406      
7        869      1062     1027     874      306      719      400      
8        1081     312      1185     437      514      988      900      
9        790      1074     444      459      1192     1141     864      
10       927      726      334      1062     523      558      632      
11       589      1040     768      507      542      1194     1071     
12       1126     1107     411      1087     1032     753      911      
13       697      1079     678      1146     469      554      1178     
14       604      859      855      1143     1131     1151     754      
15       971      721      822      644      606      1057     521      
16       772      1147     1008     514      938      554      637      
17       376      1006     863      689      822      887      319      
18       679      1145     782      1162     566      1164     947      
19       618      1018     1149     312      635      784      1137     
20       919      691      658      823      370      370      569      
21       1166     380      863      532      614      616      721      
22       1080     777      438      696      448      1064     343      
23       616      505      796      746      602      406      552      
24       490      818      893      495      991      746      1124     
25       1071     637      1124     867      777      726      606      
26       697      379      650      331      499      590      562      
27       305      388      948      336      493      319      473      
28       1114     795      462      578      910      384      837      
29       413      411      1111     1078     400      472      999      
30       561      1160     882      438      818      415      560      
31       943      1172     1156     424      578      481      729      
32       510      1197     1007     837      697      885      732      
33       712      515      683      706      503      802      913      
34       458      332      383      991      1091     1093     1080     
35       625      539      1121     467      1106     830      612      
36       831      1039     1072     551      1063     726      378      
37       899      1022     394      663      1089     772      920      
38       464      559      624      1058     870      938      547      
39       364      1142     938      1013     1110     790      400      
40       639      1009     717      675      1032     300      689      
41       860      760      880      901      783      503      590      
42       775      1018     936      646      489      879      371      
43       777      400      409      493      1192     767      350      
44       1193     483      1138     685      1036     1144     983      
45       943      1188     867      1153     651      519      802      
46       701      592      899      1002     795      753      668      
47       1029     523      874      856      409      1060     380      
48       882      865      721      1138     1016     963      512      
49       668      708      907      1072     976      404      1132     
50       1046     454      414      585      639      1072     503      
51       633      753      672      1184     1195     423      384      
52       849      563      1175     375      1064     608      903      
53       818      520      466      1115     1097     793      891      
54       546      1125     384      1184     1080     1011     322      
55       742      749      378      368      921      614      622      
56       1161     316      805      434      629      445      660      
57       360      917      922      1036     974      1018     314      
58       609      748      753      824      405      490      729      
59       669      841      803      917      966      880      862      
60       691      1164     423      861      374      832      392      
61       333      1111     768      670      819      634      1158     
62       1129     805      550      552      833      990      945      
63       856      919      903      911      385      1147     1179     
64       813      837      391      711      792      905      651      
65       523      454      908      1148     316      661      1072     
66       367      525      458      954      934      303      1033     
67       976      824      708      536      911      810      770      
68       726      556      1041     453      849      808      1039     
69       339      584      339      1141     502      393      486      
70       566      408      383      471      362      914      565      
71       1124     979      936      361      1007     880      507      
72       703      676      326      369      528      672      516      
73       703      1065     572      355      752      588      688      
74       1167     870      1166     1137     947      683      584      
75       383      467      649      1058     1136     1056     546      
76       502      1061     640      683      775      690      611      
77       1164     441      1069     667      652      1086     1149     
78       531      470      785      922      963      511      541      
79       867      1168     369      836      859      443      602      
80       526      854      1158     483      463      896      378      
81       1134     1027     1080     510      502      730      717      
82       723      627      957      456      742      926      565      
83       525      765      1112     859      951      440      856      
84       1156     790      903      1045     759      903      895      
85       851      509      1119     790      854      429      786      
86       327      811      589      1156     1175     546      335      
87       1066     794      309      587      630      377      719      
88       875      526      1032     412      1002     1026     630      
89       1052     667      806      369      690      1072     714      
90       456      1127     787      1099     900      635      506      
91       483      852      975      743      747      1081     522      
92       733      754      553      656      725      950      1054     
93       414      1140     1033     720      918      1166     516      
94       874      892      627      317      770      883      789      
95       1137     990      1118     898      987      1072     425      
96       824      633      1061     766      1035     773      826      
97       818      1042     1145     649      1038     1149     334      
98       837      476      1177     328      796      525      868      
99       322      673      621      901      727      1104     566      
100      342      829      423      784      1149     671      340      
101      1108     892      840      519      391      338      1131     
102      1042     619      745      572      974      942      892      
103      1084     808      984      532      973      1087     798      
104      461      521      796      914      696      522      464      
105      732      448      867      838      779      1017     459      
106      1067     930      948      776      836      496      943      
107      429      306      631      866      1141     412      1004     
108      903      536      580      577      1073     581      1127     
109      1076     834      352      840      631      404      833      
110      1092     887      1189     1198     428      1190     706      
111      979      326      523      517      803      978      645      
112      985      532      1060     334      707      1167     1189     
113      387      948      401      326      1069     402      660      
114      473      1117     465      903      959      922      762      
115      1049     1114     572      518      1039     1198     779      
116      812      668      882      669      1140     623      989      
117      774      467      739      1018     366      316      612      
118      503      747      1033     845      484      1080     866      
119      349      850      566      608      976      421      792      
120      320      630      803      831      538      946      848      
121      947      1063     680      1081     1159     874      1057     
122      1156     757      1057     1126     916      331      920      
123      1120     325      840      977      1051     1058     351      
124      399      778      833      1007     1095     1100     517      
125      1107     1046     825      1170     671      896      554      
126      1198     448      821      787      588      823      998      
127      775      536      1130     771      779      591      456      
128      323      414      442      758      545      755      1037     
129      614      305      927      600      858      1200     848      
130      1118     382      378      660      469      1166     963      
131      1148     1005     776      1139     541      1168     1198     
132      862      648      300      406      1118     1049     932      
133      902      379      814      1155     467      535      893      
134      609      698      383      1105     1020     628      927      
135      637      1195     968      1140     933      745      579      
136      551      599      648      652      509      382      819      
137      653      325      670      455      749      981      1099     
138      872      648      1148     626      927      308      1135     
139      423      1158     486      345      804      696      334      
140      844      1129     731      830      805      722      1166     
141      548      577      925      963      799      568      607      
142      371      562      332      516      409      733      592      
143      1177     783      666      370      1147     527      529      
144      872      814      382      798      332      1151     453      
145      1096     509      1035     882      703      1117     793      
146      1045     385      441      633      790      431      909      
147      1110     414      677      1031     822      390      672      
148      1024     697      1085     672      833      494      778      
149      870      1124     1073     795      1148     909      985      
150      606      576      394      1063     768      690      393      
151      801      1173     600      658      613      1116     708      
152      805      1002     460      314      596      625      899      
153      534      867      836      1191     632      488      1012     
154      628      1040     755      939      560      1038     996      
155      324      652      764      1142     904      803      707      
156      708      982      775      953      877      1001     745      
157      314      793      1151     893      310      712      844      
158      383      762      492      1055     841      898      373      
159      1133     528      309      1095     640      936      909      
160      642      419      966      827      403      1143     979      
161      723      610      716      954      611      1155     626      
162      881      879      888      432      766      306      317      
163      480      832      701      714      354      1182     1194     
164      1143     971      1194     959      484      953      709      
165      1099     703      903      322      854      336      445      
166      454      488      1153     619      474      913      773      
167      662      1138     1122     1029     645      647      499      
168      525      981      334      450      514      828      780      
169      393      678      685      1025     381      669      1177     
170      645      1134     1043     1151     380      303      746      
171      744      361      960      981      1080     623      1100     
172      371      613      306      1020     1154     845      590      
173      320      1008     715      952      330      1058     757      
174      1120     1100     319      1046     571      1170     890      
175      740      946      874      1003     304      1005     1048     
176      1193     659      597      517      469      946      1108     
177      331      802      1161     631      962      900      980      
178      907      578      986      683      650      992      1001     
179      986      1144     823      723      935      495      914      
180      1103     355      394      1143     638      795      783      
181      759      492      991      445      533      1063     454      
182      683      349      313      1037     896      804      713      
183      557      470      460      691      891      909      1189     
184      816      382      824      311      847      950      766      
185      409      746      621      665      950      950      894      
186      680      454      319      591      322      963      616      
187      329      511      412      1060     964      661      574      
188      975      553      954      973      1154     1110     505      
189      591      861      742      601      388      1096     749      
190      552      614      1004     1165     896      742      943      
191      850      478      824      638      991      943      807      
192      913      365      497      1176     925      860      796      
193      747      446      372      547      1182     359      658      
194      608      607      1173     897      750      668      1157     
195      767      1060     671      913      1169     433      444      
196      619      591      617      1136     725      927      588      
197      315      1092     533      1025     944      1139     853      
198      857      829      1058     377      1002     588      786      
199      450      616      1123     1174     456      989      938      
200      822      1092     629      1161     490      328      484      
201      663      1126     633      1155     645      584      384      
202      520      843      1189     589      963      822      1093     
203      752      387      540      1065     1042     1009     634      
204      356      827      814      1094     635      669      1050     
205      928      529      816      697      1042     981      875      
206      342      360      1088     547      554      399      747      
207      575      383      824      887      946      970      780      
208      980      808      795      955      470      865      620      
209      522      525      1167     634      507      900      1020     
210      359      1158     476      723      973      1047     1149     
211      527      929      1044     504      659      932      563      
212      591      802      397      1162     348      1079     775      
213      1188     870      721      1077     807      628      705      
214      514      462      555      313      461      508      519      
215      882      344      367      629      923      768      1034     
216      998      340      1153     645      602      621      479      
217      595      446      1112     765      489      875      719      
218      731      816      646      756      1018     998      460      
219      1063     1026     788      865      815      910      373      
220      441      1023     422      617      795      1149     314      
221      1166     549      492      453      1035     354      374      
222      709      1114     361      862      1062     787      448      
223      692      957      768      745      389      309      1061     
224      514      727      318      780      904      825      781      
225      694      1166     636      714      708      742      992      
226      352      541      829      1125     935      410      746      
227      406      936      883      559      1112     1191     855      
228      1116     934      415      949      991      327      525      
229      756      840      1052     618      1175     1150     839      
230      1014     716      1010     351      646      836      618      
231      308      815      719      654      811      1036     1002     
232      1181     524      512      337      892      419      453      
233      871      824      704      755      1142     802      859      
234      1004     380      303      956      1151     1148     480      
235      1091     869      878      463      970      795      969      
236      742      524      733      1055     487      668      485      
237      923      977      329      860      407      986      1187     
238      487      1071     527      736      617      952      361      
239      1141     1112     910      541      601      1194     1125     
240      499      789      446      316      1061     409      525      
241      1168     728      493      1168     762      984      661      
242      1005     1183     1153     938      585      1188     865      
243      336      1063     413      829      1101     796      905      
244      934      656      959      890      714      474      302      
245      306      308      861      627      615      832      795      
246      1197     1126     390      1178     623      373      599      
247      897      814      677      965      1165     730      495      
248      1079     675      522      1158     1148     401      539      
249      905      805      757      623      530      575      1053     
250      573      591      636      1101     1140     1175     344      
251      384      335      1098     511      353      432      305      
252      1152     697      484      550      738      579      921      
253      1030     552      978      1016     603      326      850      
254      807      770      704      831      523      1100     1101     
255      513      461      939      324      785      494      339      
256      1146     654      1093     367      920      1048     412      
257      1001     622      565      1028     1133     494      1068     
258      926      760      1107     613      561      1001     1025     
259      350      1172     850      1164     790      869      640      
260      507      1047     576      485      909      1056     1005     
261      699      1032     567      414      713      1033     896      
262      866      412      540      433      1129     523      680      
263      487      1095     800      1118     918      682      1177     
264      420      1078     535      890      921      716      485      
265      444      331      313      638      1003     1064     1139     
266      894      438      837      677      462      647      1007     
267      617      450      1155     1039     833      880      533      
268      518      735      1168     876      359      541      730      
269      384      302      645      504      448      769      639      
270      745      1064     530      1015     749      1109     617      
271      997      633      474      1153     1094     937      1083     
272      762      1149     530      380      799      366      350      
273      1006     1187     821      773      456      791      1086     
274      732      1192     969      925      1005     978      988      
275      680      482      1112     305      885      400      373      
276      1072     750      463      541      905      1105     1128     
277      1050     533      303      392      1072     1067     631      
278      1142     892      544      987      451      1130     686      
279      915      851      496      891      1053     1106     336      
280      605      997      1117     1145     1186     1136     908      
281      522      424      794      721      909      523      412      
282      1193     770      864      700      997      1018     502      
283      337      395      488      1017     537      1091     850      
284      300      657      555      478      372      980      801      
285      1071     416      857      1173     689      1172     318      
286      686      800      451      714      963      1053     943      
287      626      1168     1100     540      1012     805      649      
288      666      601      485      548      729      446      457      
289      740      664      300      426      1038     949      1010     
290      1130     873      999      1020     726      801      408      
291      459      1090     993      786      1102     1126     833      
292      906      875      316      1026     1157     500      431      
293      317      656      699      565      421      362      523      
294      1115     1032     348      971      926      747      641      
295      561      522      515      550      1094     1046     926      
296      809      883      569      592      1094     390      1065     
297      649      903      986      353      328      936      751      
298      702      624      701      884      440      645      803      
299      736      968      960      365      805      881      481      
300      933      991      720      401      309      307      703      
;



Table CP(j,w)    Capacidade produtiva de w em j
         1        2        3        4        5        6        7        
1        23040    23040    23040    23040    23040    23040    23040    
2        23040    23040    23040    23040    23040    23040    23040    
3        23040    23040    23040    23040    23040    23040    23040    
4        23040    23040    23040    23040    23040    23040    23040    
5        23040    23040    23040    23040    23040    23040    23040    
6        23040    23040    23040    23040    23040    23040    23040    
7        23040    23040    23040    23040    23040    23040    23040    
8        23040    23040    23040    23040    23040    23040    23040    
9        23040    23040    23040    23040    23040    23040    23040    
;



