sets
    j        periodos de programacao          /1*11/
    i        indice dos pedidos              /1*50/
    w        indice dos estagios produtivos  /1*7/
    ;

    Parameters

    beta
    /0.0/
    tau(i)   custo diario de atraso do pedido i
/
1	8
2	9
3	8
4	6
5	6
6	7
7	7
8	6
9	6
10	6
11	9
12	7
13	8
14	7
15	6
16	7
17	7
18	6
19	5
20	5
21	7
22	5
23	8
24	8
25	8
26	9
27	8
28	5
29	7
30	9
31	5
32	5
33	7
34	9
35	9
36	6
37	6
38	5
39	5
40	9
41	9
42	8
43	7
44	5
45	9
46	6
47	9
48	6
49	9
50	6
/

upsilon(w)       custo de operacao do setor produtivo w
/
1	8
2	9
3	8
4	6
5	7
6	6
7	3
/

d(i)     data de entrega de i
/
1	10
2	9
3	8
4	8
5	8
6	9
7	9
8	9
9	9
10	7
11	8
12	7
13	7
14	9
15	7
16	9
17	8
18	8
19	9
20	9
21	9
22	9
23	8
24	9
25	10
26	7
27	7
28	10
29	8
30	8
31	10
32	9
33	7
34	9
35	7
36	9
37	10
38	10
39	10
40	7
41	7
42	7
43	9
44	7
45	9
46	10
47	10
48	10
49	7
50	10
/
;
Table TP(i,w)    Tempo de processamento de i em w
         1        2        3        4        5        6        7        
1        751      1028     757      402      321      1013     567      
2        1058     322      631      1021     706      617      993      
3        1091     968      333      1192     623      393      605      
4        444      784      906      836      311      431      1161     
5        879      1165     1083     583      819      745      1115     
6        499      326      1196     971      910      405      440      
7        1087     416      580      813      1124     764      613      
8        1021     906      323      932      509      1031     1052     
9        401      993      718      571      740      403      699      
10       750      1071     1050     695      957      620      317      
11       891      486      1099     1036     976      360      566      
12       711      1109     599      785      554      734      1148     
13       437      645      309      673      999      724      807      
14       463      944      386      845      954      379      1108     
15       379      1091     483      1010     469      739      696      
16       471      424      1105     626      502      1146     1148     
17       815      438      875      695      389      721      1148     
18       877      503      968      424      619      1187     746      
19       1024     987      866      684      997      1178     617      
20       331      765      616      596      1045     616      451      
21       1153     1140     518      1073     523      1129     1116     
22       1025     777      1154     430      821      516      614      
23       945      826      531      659      690      517      738      
24       967      804      1188     534      692      924      703      
25       865      318      704      632      1074     1029     485      
26       349      973      471      442      634      822      507      
27       977      494      1158     1080     554      469      1052     
28       1033     594      558      1053     669      1064     396      
29       966      916      907      917      600      733      1194     
30       809      716      537      1082     943      1148     843      
31       337      736      604      369      596      589      491      
32       661      1008     330      721      620      897      767      
33       467      1113     634      376      585      333      504      
34       1021     1066     434      682      394      1029     658      
35       604      930      432      944      416      480      507      
36       630      1176     464      1185     1039     678      399      
37       1115     1126     707      1093     682      889      756      
38       1167     745      1065     644      563      593      334      
39       913      615      498      549      725      655      811      
40       587      537      703      697      495      851      758      
41       941      947      1164     702      587      363      704      
42       1043     1050     1181     1002     412      698      1188     
43       511      348      1143     612      413      344      442      
44       1088     448      901      455      637      982      1116     
45       803      312      342      966      559      821      960      
46       372      798      548      1062     481      718      433      
47       583      672      370      955      662      914      775      
48       311      808      1040     705      305      389      1094     
49       1124     947      567      791      1164     946      900      
50       567      695      586      537      507      735      643      
;



Table CP(j,w)    Capacidade produtiva de w em j
         1        2        3        4        5        6        7        
1        23040    23040    23040    23040    23040    23040    23040    
2        23040    23040    23040    23040    23040    23040    23040    
3        23040    23040    23040    23040    23040    23040    23040    
4        23040    23040    23040    23040    23040    23040    23040    
5        23040    23040    23040    23040    23040    23040    23040    
6        23040    23040    23040    23040    23040    23040    23040    
7        23040    23040    23040    23040    23040    23040    23040    
8        23040    23040    23040    23040    23040    23040    23040    
9        23040    23040    23040    23040    23040    23040    23040    
10       23040    23040    23040    23040    23040    23040    23040    
11       23040    23040    23040    23040    23040    23040    23040    
;



