sets
    j        periodos de programacao          /1*7/
    i        indice dos pedidos              /1*50/
    w        indice dos estagios produtivos  /1*3/
    ;

    Parameters

    beta
    /0.0/
    tau(i)   custo diario de atraso do pedido i
/
1	8
2	5
3	5
4	5
5	6
6	8
7	6
8	7
9	5
10	7
11	5
12	9
13	8
14	9
15	7
16	7
17	8
18	6
19	8
20	8
21	7
22	7
23	5
24	5
25	7
26	5
27	9
28	6
29	6
30	8
31	5
32	8
33	9
34	6
35	8
36	8
37	8
38	6
39	9
40	5
41	9
42	5
43	9
44	8
45	9
46	8
47	5
48	9
49	9
50	7
/

upsilon(w)       custo de operacao do setor produtivo w
/
1	4
2	7
3	5
/

d(i)     data de entrega de i
/
1	5
2	4
3	5
4	3
5	6
6	4
7	4
8	4
9	3
10	3
11	4
12	6
13	3
14	5
15	3
16	3
17	4
18	6
19	3
20	5
21	3
22	5
23	5
24	6
25	3
26	4
27	6
28	6
29	3
30	5
31	4
32	5
33	3
34	5
35	4
36	5
37	5
38	3
39	3
40	4
41	3
42	5
43	4
44	3
45	5
46	3
47	5
48	4
49	4
50	4
/
;
Table TP(i,w)    Tempo de processamento de i em w
         1        2        3        
1        1164     800      457      
2        539      529      690      
3        448      1181     731      
4        822      566      552      
5        751      781      536      
6        471      535      871      
7        583      567      653      
8        1109     435      1033     
9        1082     703      841      
10       655      448      1115     
11       1184     1059     670      
12       963      316      793      
13       601      871      1066     
14       306      425      508      
15       978      1004     645      
16       814      977      795      
17       1094     997      1084     
18       1038     850      1130     
19       396      973      709      
20       679      377      805      
21       791      1090     962      
22       409      629      1057     
23       395      449      531      
24       1183     816      1108     
25       536      399      1153     
26       1120     839      1125     
27       379      752      1042     
28       314      764      548      
29       318      1160     837      
30       1144     690      915      
31       1072     569      812      
32       1190     616      1116     
33       747      813      990      
34       813      780      369      
35       331      921      1149     
36       681      740      783      
37       755      620      442      
38       913      308      914      
39       481      1160     719      
40       573      965      651      
41       726      724      656      
42       719      589      606      
43       1030     565      483      
44       685      375      1001     
45       911      626      927      
46       926      493      948      
47       544      717      422      
48       370      974      1016     
49       620      1001     393      
50       476      730      944      
;



Table CP(j,w)    Capacidade produtiva de w em j
         1        2        3        
1        23040    23040    23040    
2        23040    23040    23040    
3        23040    23040    23040    
4        23040    23040    23040    
5        23040    23040    23040    
6        23040    23040    23040    
7        23040    23040    23040    
;



