sets
    j        periodos de programacao          /1*11/
    i        indice dos pedidos              /1*30/
    w        indice dos estagios produtivos  /1*7/
    ;

    Parameters

    beta
    /0.0/
    tau(i)   custo diario de atraso do pedido i
/
1	7
2	8
3	7
4	7
5	6
6	6
7	6
8	7
9	7
10	9
11	9
12	6
13	8
14	7
15	8
16	6
17	7
18	9
19	5
20	5
21	5
22	8
23	6
24	8
25	5
26	6
27	9
28	5
29	8
30	6
/

upsilon(w)       custo de operacao do setor produtivo w
/
1	1
2	1
3	5
4	1
5	6
6	1
7	4
/

d(i)     data de entrega de i
/
1	8
2	8
3	9
4	10
5	10
6	7
7	10
8	9
9	9
10	9
11	9
12	7
13	8
14	9
15	10
16	10
17	8
18	7
19	10
20	10
21	9
22	7
23	9
24	10
25	7
26	9
27	7
28	7
29	9
30	7
/
;
Table TP(i,w)    Tempo de processamento de i em w
         1        2        3        4        5        6        7        
1        848      318      633      947      1103     999      704      
2        496      436      838      495      333      652      381      
3        835      1158     587      1103     793      513      947      
4        369      1010     460      1118     1136     653      697      
5        437      1063     538      1141     776      764      342      
6        350      625      552      1051     1167     414      505      
7        988      1182     603      1160     1177     498      314      
8        474      308      1197     873      914      832      1185     
9        409      548      532      1137     949      346      1135     
10       961      563      1082     884      1139     470      370      
11       1103     1050     695      834      927      969      766      
12       1070     1103     1120     1163     693      676      449      
13       541      923      340      912      586      311      546      
14       380      730      552      315      989      701      484      
15       1179     798      1191     712      893      997      384      
16       639      779      798      1083     485      768      1139     
17       394      431      892      1200     1017     360      660      
18       762      801      744      813      415      1036     1097     
19       1051     481      1120     613      970      965      518      
20       334      1125     1082     883      784      538      849      
21       439      445      1091     930      575      1034     1045     
22       937      463      798      650      344      1023     746      
23       1197     1127     586      1003     368      984      376      
24       719      707      1056     573      562      581      1009     
25       394      609      485      491      1061     407      969      
26       381      669      359      353      875      582      1113     
27       1132     546      964      402      731      1089     830      
28       971      1111     366      779      732      936      912      
29       1100     1067     568      775      1015     484      487      
30       637      416      1158     1013     679      682      1003     
;



Table CP(j,w)    Capacidade produtiva de w em j
         1        2        3        4        5        6        7        
1        23040    23040    23040    23040    23040    23040    23040    
2        23040    23040    23040    23040    23040    23040    23040    
3        23040    23040    23040    23040    23040    23040    23040    
4        23040    23040    23040    23040    23040    23040    23040    
5        23040    23040    23040    23040    23040    23040    23040    
6        23040    23040    23040    23040    23040    23040    23040    
7        23040    23040    23040    23040    23040    23040    23040    
8        23040    23040    23040    23040    23040    23040    23040    
9        23040    23040    23040    23040    23040    23040    23040    
10       23040    23040    23040    23040    23040    23040    23040    
11       23040    23040    23040    23040    23040    23040    23040    
;



