sets
    j        periodos de programacao          /1*5/
    i        indice dos pedidos              /1*50/
    w        indice dos estagios produtivos  /1*3/
    ;

    Parameters

    beta
    /0.0/
    tau(i)   custo diario de atraso do pedido i
/
1	6
2	6
3	8
4	9
5	8
6	9
7	7
8	5
9	6
10	8
11	8
12	6
13	8
14	6
15	6
16	5
17	6
18	5
19	5
20	7
21	7
22	9
23	5
24	7
25	9
26	5
27	8
28	7
29	5
30	5
31	6
32	6
33	7
34	8
35	8
36	9
37	7
38	5
39	9
40	6
41	8
42	5
43	5
44	7
45	7
46	8
47	5
48	8
49	8
50	9
/

upsilon(w)       custo de operacao do setor produtivo w
/
1	5
2	3
3	5
/

d(i)     data de entrega de i
/
1	4
2	3
3	4
4	3
5	4
6	3
7	3
8	4
9	4
10	3
11	4
12	3
13	3
14	4
15	4
16	3
17	4
18	3
19	3
20	3
21	3
22	3
23	4
24	3
25	3
26	3
27	3
28	3
29	3
30	3
31	3
32	3
33	4
34	3
35	3
36	3
37	3
38	3
39	3
40	4
41	4
42	4
43	4
44	4
45	3
46	4
47	4
48	3
49	3
50	4
/
;
Table TP(i,w)    Tempo de processamento de i em w
         1        2        3        
1        520      1109     329      
2        1146     900      345      
3        365      760      825      
4        1114     710      1050     
5        700      491      861      
6        309      505      304      
7        745      303      766      
8        998      673      710      
9        731      541      860      
10       476      667      449      
11       971      1121     1068     
12       931      973      366      
13       820      944      445      
14       358      1063     933      
15       893      1018     371      
16       849      424      323      
17       333      639      1164     
18       807      1020     811      
19       326      502      671      
20       497      1116     821      
21       359      986      1107     
22       1102     469      953      
23       371      646      486      
24       980      822      737      
25       743      1114     635      
26       848      522      669      
27       734      958      1002     
28       1167     1187     1161     
29       566      758      910      
30       845      1062     951      
31       705      1078     664      
32       1179     535      750      
33       457      676      483      
34       1187     848      1048     
35       1100     1140     949      
36       461      940      528      
37       725      794      472      
38       593      389      1079     
39       912      505      964      
40       1140     1194     975      
41       441      838      801      
42       507      595      378      
43       838      949      827      
44       669      826      1100     
45       396      456      1148     
46       806      1055     1086     
47       361      705      1024     
48       1065     729      845      
49       948      625      801      
50       819      794      709      
;



Table CP(j,w)    Capacidade produtiva de w em j
         1        2        3        
1        23040    23040    23040    
2        23040    23040    23040    
3        23040    23040    23040    
4        23040    23040    23040    
5        23040    23040    23040    
;



