sets
    j        periodos de programacao          /1*9/
    i        indice dos pedidos              /1*30/
    w        indice dos estagios produtivos  /1*5/
    ;

    Parameters

    beta
    /0.0/
    tau(i)   custo diario de atraso do pedido i
/
1	7
2	9
3	7
4	6
5	9
6	6
7	6
8	6
9	5
10	9
11	8
12	5
13	7
14	5
15	5
16	5
17	7
18	9
19	8
20	6
21	8
22	6
23	5
24	9
25	6
26	8
27	9
28	8
29	8
30	5
/

upsilon(w)       custo de operacao do setor produtivo w
/
1	8
2	4
3	8
4	2
5	3
/

d(i)     data de entrega de i
/
1	6
2	8
3	6
4	6
5	8
6	6
7	7
8	5
9	5
10	7
11	5
12	8
13	5
14	6
15	7
16	6
17	6
18	6
19	8
20	7
21	5
22	7
23	8
24	6
25	7
26	7
27	8
28	7
29	5
30	5
/
;
Table TP(i,w)    Tempo de processamento de i em w
         1        2        3        4        5        
1        626      471      807      979      834      
2        926      938      1010     693      898      
3        717      912      895      901      629      
4        856      1061     1046     1080     790      
5        1096     991      878      701      1139     
6        506      412      549      1194     939      
7        619      330      870      839      338      
8        1180     725      646      508      1053     
9        1054     487      300      378      1173     
10       997      964      807      1193     737      
11       1160     323      641      1011     671      
12       478      430      537      332      1113     
13       897      745      420      588      1051     
14       852      995      911      681      449      
15       1154     318      1167     1110     521      
16       313      869      1045     490      431      
17       473      471      1190     633      983      
18       503      598      787      736      1012     
19       895      494      736      1156     937      
20       358      480      667      506      515      
21       553      616      827      939      1092     
22       615      1156     1037     649      789      
23       896      385      1199     825      750      
24       896      373      804      987      782      
25       1022     1015     537      1147     682      
26       586      375      604      1021     944      
27       884      310      401      911      454      
28       804      1057     766      337      518      
29       854      794      919      750      609      
30       1021     1015     537      661      1100     
;



Table CP(j,w)    Capacidade produtiva de w em j
         1        2        3        4        5        
1        23040    23040    23040    23040    23040    
2        23040    23040    23040    23040    23040    
3        23040    23040    23040    23040    23040    
4        23040    23040    23040    23040    23040    
5        23040    23040    23040    23040    23040    
6        23040    23040    23040    23040    23040    
7        23040    23040    23040    23040    23040    
8        23040    23040    23040    23040    23040    
9        23040    23040    23040    23040    23040    
;



