sets
    j        periodos de programacao          /1*11/
    i        indice dos pedidos              /1*50/
    w        indice dos estagios produtivos  /1*7/
    ;

    Parameters

    beta
    /0.0/
    tau(i)   custo diario de atraso do pedido i
/
1	7
2	6
3	5
4	6
5	9
6	6
7	8
8	5
9	8
10	6
11	5
12	8
13	8
14	5
15	6
16	8
17	7
18	5
19	8
20	6
21	5
22	5
23	6
24	9
25	6
26	7
27	7
28	8
29	8
30	8
31	5
32	8
33	6
34	6
35	6
36	5
37	9
38	7
39	8
40	6
41	9
42	5
43	8
44	9
45	9
46	6
47	6
48	5
49	7
50	7
/

upsilon(w)       custo de operacao do setor produtivo w
/
1	4
2	7
3	4
4	1
5	2
6	2
7	5
/

d(i)     data de entrega de i
/
1	8
2	9
3	10
4	7
5	10
6	8
7	8
8	10
9	7
10	9
11	7
12	8
13	10
14	7
15	10
16	9
17	8
18	10
19	7
20	7
21	10
22	10
23	8
24	10
25	7
26	10
27	8
28	10
29	9
30	7
31	8
32	10
33	10
34	7
35	9
36	7
37	7
38	7
39	7
40	8
41	10
42	8
43	10
44	9
45	7
46	9
47	8
48	9
49	7
50	10
/
;
Table TP(i,w)    Tempo de processamento de i em w
         1        2        3        4        5        6        7        
1        1177     815      646      598      1077     875      1141     
2        1100     1007     819      357      1181     1117     632      
3        517      513      604      435      632      742      1054     
4        602      693      314      741      1074     917      948      
5        959      892      1120     997      415      896      864      
6        365      370      589      840      376      1123     817      
7        805      531      490      440      351      1072     709      
8        554      468      708      1052     1196     454      885      
9        577      533      1005     1071     434      706      1058     
10       1029     452      650      703      622      556      861      
11       516      1036     529      1184     814      724      976      
12       658      355      885      493      838      526      560      
13       787      386      420      624      500      1160     988      
14       886      619      487      1004     664      497      915      
15       819      475      745      509      536      479      730      
16       490      861      1119     1043     1016     439      423      
17       781      522      625      344      574      461      329      
18       697      325      985      303      536      937      874      
19       756      360      1149     621      758      677      741      
20       1064     308      613      722      399      975      419      
21       459      865      560      517      330      632      527      
22       565      1100     478      1142     680      1031     1173     
23       899      574      775      727      1108     1187     812      
24       675      876      920      1001     933      360      966      
25       603      1033     882      1130     1121     998      712      
26       708      839      1001     422      587      478      1080     
27       504      724      637      477      1161     1139     865      
28       1098     370      338      620      978      1174     576      
29       615      904      699      1115     378      690      424      
30       1072     493      699      1076     469      400      390      
31       721      324      630      512      1056     593      1005     
32       394      422      442      1121     962      971      972      
33       581      431      992      506      520      683      985      
34       708      731      713      1092     880      315      1100     
35       1140     472      642      1074     910      535      741      
36       531      1061     459      851      384      1030     584      
37       639      1007     705      938      629      1154     1038     
38       820      1062     716      315      338      679      902      
39       637      597      600      875      943      683      1184     
40       1069     696      1034     614      308      330      636      
41       586      334      782      456      699      993      641      
42       986      543      600      711      432      428      576      
43       562      710      867      624      988      372      770      
44       938      817      607      511      480      670      869      
45       937      924      489      312      655      565      378      
46       427      988      1047     652      393      1060     312      
47       597      960      508      617      522      620      636      
48       996      1181     869      828      559      337      348      
49       499      517      426      472      797      656      507      
50       1022     893      607      1126     301      789      927      
;



Table CP(j,w)    Capacidade produtiva de w em j
         1        2        3        4        5        6        7        
1        23040    23040    23040    23040    23040    23040    23040    
2        23040    23040    23040    23040    23040    23040    23040    
3        23040    23040    23040    23040    23040    23040    23040    
4        23040    23040    23040    23040    23040    23040    23040    
5        23040    23040    23040    23040    23040    23040    23040    
6        23040    23040    23040    23040    23040    23040    23040    
7        23040    23040    23040    23040    23040    23040    23040    
8        23040    23040    23040    23040    23040    23040    23040    
9        23040    23040    23040    23040    23040    23040    23040    
10       23040    23040    23040    23040    23040    23040    23040    
11       23040    23040    23040    23040    23040    23040    23040    
;



