sets
    j        periodos de programacao          /1*7/
    i        indice dos pedidos              /1*30/
    w        indice dos estagios produtivos  /1*3/
    ;

    Parameters

    beta
    /0.0/
    tau(i)   custo diario de atraso do pedido i
/
1	6
2	5
3	9
4	8
5	5
6	6
7	6
8	9
9	8
10	7
11	9
12	7
13	9
14	7
15	8
16	5
17	8
18	7
19	7
20	9
21	5
22	9
23	9
24	6
25	7
26	7
27	6
28	5
29	8
30	9
/

upsilon(w)       custo de operacao do setor produtivo w
/
1	2
2	7
3	1
/

d(i)     data de entrega de i
/
1	5
2	6
3	5
4	6
5	3
6	3
7	5
8	6
9	4
10	4
11	3
12	3
13	3
14	6
15	3
16	5
17	4
18	3
19	4
20	4
21	3
22	3
23	6
24	6
25	5
26	4
27	5
28	5
29	3
30	6
/
;
Table TP(i,w)    Tempo de processamento de i em w
         1        2        3        
1        1103     1147     742      
2        436      464      390      
3        1029     1045     650      
4        1138     1154     528      
5        394      875      346      
6        779      903      355      
7        710      571      523      
8        934      1034     1141     
9        435      964      1140     
10       963      1186     567      
11       871      313      1158     
12       674      647      568      
13       863      369      526      
14       738      1090     759      
15       926      304      1118     
16       502      1027     1080     
17       736      309      844      
18       609      854      310      
19       868      1124     690      
20       758      602      558      
21       1171     1148     502      
22       831      687      333      
23       1045     588      380      
24       849      416      811      
25       1111     310      839      
26       371      636      517      
27       1177     432      1159     
28       570      949      1004     
29       796      757      1142     
30       973      560      1001     
;



Table CP(j,w)    Capacidade produtiva de w em j
         1        2        3        
1        23040    23040    23040    
2        23040    23040    23040    
3        23040    23040    23040    
4        23040    23040    23040    
5        23040    23040    23040    
6        23040    23040    23040    
7        23040    23040    23040    
;



