sets
    j        periodos de programacao          /1*11/
    i        indice dos pedidos              /1*30/
    w        indice dos estagios produtivos  /1*7/
    ;

    Parameters

    beta
    /0.0/
    tau(i)   custo diario de atraso do pedido i
/
1	9
2	9
3	9
4	5
5	9
6	5
7	6
8	8
9	5
10	9
11	5
12	7
13	6
14	8
15	6
16	6
17	7
18	7
19	9
20	6
21	8
22	6
23	9
24	8
25	5
26	7
27	9
28	6
29	5
30	9
/

upsilon(w)       custo de operacao do setor produtivo w
/
1	9
2	9
3	4
4	6
5	4
6	4
7	2
/

d(i)     data de entrega de i
/
1	7
2	8
3	10
4	8
5	10
6	10
7	10
8	10
9	8
10	8
11	7
12	9
13	8
14	10
15	10
16	8
17	9
18	10
19	9
20	8
21	10
22	7
23	10
24	8
25	8
26	10
27	9
28	7
29	8
30	10
/
;
Table TP(i,w)    Tempo de processamento de i em w
         1        2        3        4        5        6        7        
1        628      442      537      851      392      632      702      
2        1153     1009     581      458      729      1137     804      
3        645      1019     737      1014     924      1200     364      
4        418      586      1075     1081     934      1053     706      
5        641      1007     899      1003     642      1001     370      
6        720      1118     1105     373      1145     911      1038     
7        678      822      1103     1089     480      496      386      
8        765      373      1119     483      725      943      597      
9        437      471      806      559      369      742      1073     
10       970      748      589      1158     507      784      460      
11       1123     884      339      739      491      660      977      
12       854      448      503      807      672      445      626      
13       643      915      1147     653      657      402      411      
14       1097     765      1088     397      718      1085     361      
15       521      1058     635      1059     345      791      444      
16       325      311      311      447      373      950      404      
17       369      1108     606      710      1199     1033     1085     
18       499      600      1094     707      904      586      901      
19       1119     765      801      594      908      986      944      
20       413      778      398      655      491      396      1151     
21       1075     673      1107     906      464      716      538      
22       740      434      876      689      474      365      535      
23       841      1176     320      503      467      1157     315      
24       339      746      884      306      594      959      1124     
25       1083     356      741      1105     1098     1098     567      
26       975      1181     1106     846      804      530      866      
27       500      915      335      645      536      503      467      
28       742      734      599      1034     360      361      466      
29       409      1057     919      597      598      1129     944      
30       1174     1116     663      1168     377      1052     786      
;



Table CP(j,w)    Capacidade produtiva de w em j
         1        2        3        4        5        6        7        
1        23040    23040    23040    23040    23040    23040    23040    
2        23040    23040    23040    23040    23040    23040    23040    
3        23040    23040    23040    23040    23040    23040    23040    
4        23040    23040    23040    23040    23040    23040    23040    
5        23040    23040    23040    23040    23040    23040    23040    
6        23040    23040    23040    23040    23040    23040    23040    
7        23040    23040    23040    23040    23040    23040    23040    
8        23040    23040    23040    23040    23040    23040    23040    
9        23040    23040    23040    23040    23040    23040    23040    
10       23040    23040    23040    23040    23040    23040    23040    
11       23040    23040    23040    23040    23040    23040    23040    
;



