sets
    j        periodos de programacao          /1*9/
    i        indice dos pedidos              /1*50/
    w        indice dos estagios produtivos  /1*5/
    ;

    Parameters

    beta
    /0.0/
    tau(i)   custo diario de atraso do pedido i
/
1	8
2	6
3	6
4	9
5	8
6	9
7	9
8	5
9	8
10	9
11	6
12	8
13	7
14	8
15	8
16	7
17	8
18	6
19	6
20	5
21	9
22	6
23	8
24	6
25	7
26	8
27	8
28	9
29	5
30	9
31	7
32	8
33	7
34	9
35	8
36	9
37	9
38	9
39	5
40	9
41	9
42	9
43	5
44	8
45	9
46	6
47	6
48	6
49	6
50	6
/

upsilon(w)       custo de operacao do setor produtivo w
/
1	6
2	1
3	8
4	4
5	7
/

d(i)     data de entrega de i
/
1	5
2	8
3	7
4	5
5	8
6	8
7	7
8	8
9	7
10	5
11	5
12	5
13	6
14	7
15	6
16	6
17	7
18	8
19	7
20	8
21	8
22	5
23	5
24	6
25	8
26	7
27	6
28	5
29	8
30	8
31	5
32	8
33	8
34	5
35	7
36	5
37	5
38	7
39	5
40	6
41	8
42	6
43	5
44	7
45	6
46	5
47	7
48	7
49	5
50	5
/
;
Table TP(i,w)    Tempo de processamento de i em w
         1        2        3        4        5        
1        1028     533      1058     426      342      
2        645      854      1095     524      581      
3        876      863      1145     917      943      
4        1184     515      982      1120     876      
5        783      523      675      380      726      
6        706      1036     430      837      504      
7        358      1132     930      479      833      
8        518      879      482      735      787      
9        1148     395      931      713      1136     
10       347      590      862      474      689      
11       385      433      414      471      842      
12       547      1163     638      1039     952      
13       984      999      1097     466      776      
14       800      467      372      853      472      
15       806      365      1160     888      442      
16       773      751      816      891      1097     
17       1161     462      778      345      599      
18       324      528      1178     380      672      
19       774      494      1039     949      712      
20       1022     791      856      1085     1094     
21       670      390      655      854      1137     
22       506      1187     1059     589      646      
23       404      704      452      1081     849      
24       1008     944      694      737      441      
25       618      401      919      1089     1006     
26       726      512      1113     846      774      
27       633      1029     960      590      502      
28       558      1196     1012     582      819      
29       476      694      478      776      1178     
30       1141     1100     656      487      671      
31       610      361      1157     490      670      
32       666      1003     627      1001     537      
33       460      718      586      1164     983      
34       785      661      555      1181     1055     
35       1051     797      625      1048     518      
36       1130     760      560      677      615      
37       903      963      366      390      657      
38       389      1139     819      1057     305      
39       620      452      471      783      826      
40       835      1117     432      1166     1004     
41       816      797      1053     922      526      
42       756      521      534      728      408      
43       490      1146     616      945      507      
44       961      766      558      402      438      
45       618      908      671      837      412      
46       664      923      312      1119     734      
47       1047     508      356      437      616      
48       863      401      639      542      616      
49       934      476      927      831      887      
50       783      760      688      683      1009     
;



Table CP(j,w)    Capacidade produtiva de w em j
         1        2        3        4        5        
1        23040    23040    23040    23040    23040    
2        23040    23040    23040    23040    23040    
3        23040    23040    23040    23040    23040    
4        23040    23040    23040    23040    23040    
5        23040    23040    23040    23040    23040    
6        23040    23040    23040    23040    23040    
7        23040    23040    23040    23040    23040    
8        23040    23040    23040    23040    23040    
9        23040    23040    23040    23040    23040    
;



