sets
    j        periodos de programacao          /1*7/
    i        indice dos pedidos              /1*50/
    w        indice dos estagios produtivos  /1*5/
    ;

    Parameters

    beta
    /0.0/
    tau(i)   custo diario de atraso do pedido i
/
1	9
2	5
3	7
4	8
5	5
6	9
7	7
8	8
9	9
10	7
11	7
12	6
13	6
14	8
15	9
16	6
17	7
18	5
19	8
20	6
21	8
22	9
23	9
24	6
25	8
26	6
27	6
28	9
29	6
30	6
31	8
32	7
33	6
34	7
35	8
36	5
37	6
38	5
39	8
40	8
41	9
42	7
43	8
44	5
45	6
46	9
47	5
48	9
49	6
50	7
/

upsilon(w)       custo de operacao do setor produtivo w
/
1	7
2	7
3	7
4	4
5	2
/

d(i)     data de entrega de i
/
1	6
2	6
3	5
4	6
5	6
6	5
7	6
8	6
9	6
10	6
11	6
12	5
13	5
14	6
15	6
16	5
17	6
18	5
19	6
20	5
21	6
22	5
23	5
24	5
25	5
26	6
27	6
28	5
29	5
30	6
31	6
32	6
33	6
34	5
35	6
36	5
37	5
38	6
39	5
40	5
41	5
42	5
43	5
44	5
45	6
46	5
47	6
48	5
49	5
50	6
/
;
Table TP(i,w)    Tempo de processamento de i em w
         1        2        3        4        5        
1        1093     549      978      868      1192     
2        1147     1082     326      644      819      
3        1111     960      417      572      555      
4        546      859      1041     314      585      
5        1117     628      906      881      1142     
6        649      322      644      926      939      
7        358      831      1087     991      709      
8        561      1083     454      869      975      
9        923      1084     906      693      420      
10       617      1116     1005     868      598      
11       720      312      737      654      326      
12       378      681      1119     361      668      
13       354      585      699      950      353      
14       763      352      1138     1084     699      
15       898      328      731      729      817      
16       961      437      430      801      670      
17       320      856      847      1005     612      
18       493      927      777      960      550      
19       519      741      310      897      564      
20       979      687      756      823      474      
21       366      510      306      521      738      
22       542      660      1099     528      981      
23       910      739      667      954      1093     
24       907      770      611      415      369      
25       536      717      460      365      956      
26       702      668      1165     624      1061     
27       477      488      887      672      984      
28       744      478      901      629      372      
29       1049     889      1049     632      792      
30       425      1058     343      982      522      
31       302      938      382      908      970      
32       496      377      928      306      780      
33       338      355      723      602      920      
34       950      532      463      540      851      
35       662      1046     755      313      822      
36       353      1197     981      674      334      
37       492      1166     1089     1072     542      
38       786      453      1014     428      882      
39       821      599      824      1008     310      
40       462      1095     360      813      453      
41       879      712      321      859      531      
42       347      336      371      1122     569      
43       470      400      1130     984      704      
44       1195     763      546      558      1088     
45       648      349      586      481      799      
46       944      493      479      372      1027     
47       1108     894      990      1046     522      
48       703      330      988      965      815      
49       943      612      543      1028     575      
50       592      924      463      581      687      
;



Table CP(j,w)    Capacidade produtiva de w em j
         1        2        3        4        5        
1        23040    23040    23040    23040    23040    
2        23040    23040    23040    23040    23040    
3        23040    23040    23040    23040    23040    
4        23040    23040    23040    23040    23040    
5        23040    23040    23040    23040    23040    
6        23040    23040    23040    23040    23040    
7        23040    23040    23040    23040    23040    
;



