sets
    j        periodos de programacao          /1*9/
    i        indice dos pedidos              /1*200/
    w        indice dos estagios produtivos  /1*5/
    ;

    Parameters

    beta
    /0.0/
    tau(i)   custo diario de atraso do pedido i
/
1	7
2	8
3	5
4	8
5	8
6	9
7	8
8	8
9	7
10	5
11	7
12	8
13	5
14	6
15	9
16	6
17	5
18	6
19	7
20	6
21	6
22	6
23	7
24	5
25	8
26	8
27	6
28	9
29	5
30	8
31	5
32	6
33	8
34	9
35	7
36	8
37	8
38	7
39	5
40	8
41	9
42	7
43	5
44	8
45	8
46	9
47	7
48	9
49	5
50	6
51	6
52	6
53	8
54	6
55	7
56	7
57	6
58	6
59	5
60	6
61	6
62	7
63	9
64	7
65	8
66	9
67	5
68	9
69	5
70	7
71	5
72	8
73	5
74	8
75	8
76	7
77	5
78	6
79	7
80	6
81	6
82	8
83	8
84	7
85	5
86	6
87	9
88	7
89	9
90	7
91	9
92	6
93	6
94	5
95	6
96	6
97	6
98	8
99	7
100	7
101	9
102	7
103	8
104	9
105	5
106	9
107	5
108	7
109	6
110	6
111	9
112	8
113	7
114	6
115	7
116	8
117	5
118	9
119	9
120	7
121	9
122	5
123	7
124	7
125	7
126	7
127	8
128	9
129	7
130	6
131	6
132	6
133	6
134	6
135	5
136	5
137	8
138	9
139	5
140	7
141	8
142	9
143	5
144	9
145	6
146	8
147	5
148	6
149	7
150	9
151	8
152	7
153	8
154	7
155	7
156	8
157	7
158	6
159	7
160	7
161	5
162	6
163	9
164	5
165	8
166	8
167	7
168	5
169	5
170	9
171	7
172	6
173	6
174	7
175	9
176	5
177	6
178	8
179	9
180	6
181	7
182	9
183	5
184	8
185	8
186	8
187	6
188	6
189	9
190	9
191	8
192	6
193	7
194	8
195	5
196	6
197	7
198	5
199	8
200	5
/

upsilon(w)       custo de operacao do setor produtivo w
/
1	1
2	2
3	1
4	1
5	4
/

d(i)     data de entrega de i
/
1	5
2	5
3	7
4	8
5	6
6	5
7	7
8	7
9	6
10	8
11	6
12	8
13	8
14	5
15	5
16	5
17	8
18	6
19	8
20	8
21	6
22	6
23	5
24	6
25	7
26	5
27	6
28	8
29	6
30	7
31	7
32	7
33	6
34	7
35	5
36	6
37	7
38	6
39	6
40	6
41	8
42	8
43	6
44	7
45	5
46	7
47	6
48	6
49	7
50	6
51	6
52	5
53	8
54	7
55	5
56	8
57	7
58	8
59	8
60	7
61	7
62	5
63	5
64	6
65	8
66	5
67	8
68	8
69	7
70	6
71	5
72	5
73	7
74	5
75	6
76	5
77	8
78	5
79	8
80	7
81	7
82	6
83	7
84	8
85	7
86	7
87	5
88	6
89	8
90	6
91	6
92	8
93	5
94	8
95	8
96	7
97	6
98	7
99	8
100	6
101	8
102	5
103	6
104	5
105	8
106	7
107	6
108	8
109	7
110	5
111	6
112	7
113	7
114	6
115	8
116	8
117	7
118	5
119	7
120	7
121	8
122	6
123	7
124	6
125	8
126	8
127	8
128	8
129	8
130	7
131	5
132	6
133	5
134	6
135	7
136	6
137	5
138	5
139	6
140	8
141	7
142	7
143	8
144	6
145	5
146	8
147	7
148	8
149	5
150	8
151	8
152	8
153	8
154	5
155	8
156	7
157	5
158	8
159	6
160	7
161	6
162	7
163	6
164	7
165	7
166	8
167	6
168	5
169	7
170	6
171	8
172	6
173	6
174	5
175	6
176	5
177	5
178	8
179	8
180	6
181	5
182	6
183	7
184	7
185	6
186	5
187	7
188	8
189	6
190	6
191	6
192	6
193	7
194	5
195	8
196	5
197	8
198	5
199	8
200	8
/
;
Table TP(i,w)    Tempo de processamento de i em w
         1        2        3        4        5        
1        786      419      1075     893      784      
2        605      390      872      550      551      
3        1083     628      1032     904      1014     
4        669      1086     614      1140     1184     
5        853      937      593      1154     320      
6        818      1181     983      1036     936      
7        838      709      769      1096     1050     
8        557      934      346      387      453      
9        875      1009     761      392      1165     
10       424      714      1111     674      1151     
11       429      1080     588      798      429      
12       890      975      563      856      802      
13       1171     981      974      1189     565      
14       1019     445      1113     727      488      
15       355      546      806      821      513      
16       1005     660      750      722      1036     
17       771      652      938      1111     872      
18       461      622      1071     490      414      
19       1053     904      1095     810      633      
20       433      343      833      635      1033     
21       868      335      378      783      925      
22       886      364      810      524      501      
23       501      801      928      978      866      
24       934      871      939      1060     1194     
25       491      906      686      373      796      
26       1043     1197     720      710      799      
27       376      1083     309      1026     898      
28       523      790      974      675      754      
29       1194     943      1181     1149     1133     
30       310      685      848      1066     846      
31       604      1121     546      326      382      
32       864      889      1070     787      855      
33       761      824      1049     1046     1102     
34       1102     330      666      401      392      
35       1050     805      432      565      578      
36       653      704      863      958      663      
37       507      1042     400      680      460      
38       1176     653      840      911      868      
39       961      568      1103     1113     1090     
40       332      1131     858      457      686      
41       606      782      309      998      780      
42       1061     972      937      947      1136     
43       426      556      1006     311      819      
44       536      697      917      456      1038     
45       947      504      700      363      420      
46       620      717      357      719      471      
47       937      381      621      1132     1027     
48       365      454      960      308      1146     
49       642      939      1142     764      497      
50       402      1142     987      1067     548      
51       759      1106     565      1015     467      
52       1059     333      643      885      1190     
53       1013     938      421      951      1156     
54       929      893      892      466      561      
55       750      1095     890      910      417      
56       1152     962      620      848      311      
57       349      935      1189     487      723      
58       1015     1158     807      995      450      
59       512      602      393      1033     965      
60       341      880      469      785      783      
61       925      554      673      1128     1185     
62       308      786      513      1078     341      
63       361      553      322      1080     593      
64       780      697      873      924      393      
65       949      1130     319      1101     549      
66       915      393      384      651      338      
67       1057     384      473      1035     469      
68       977      996      628      1151     488      
69       701      1089     606      468      806      
70       608      626      937      948      629      
71       915      799      412      911      995      
72       1020     1126     1170     1058     505      
73       1108     790      412      615      726      
74       1030     993      401      871      808      
75       751      557      506      1178     357      
76       937      901      326      460      303      
77       953      782      398      908      651      
78       1182     1192     865      817      420      
79       643      366      411      1119     688      
80       748      797      346      469      830      
81       734      668      864      695      901      
82       814      664      972      643      449      
83       804      858      486      1142     662      
84       502      609      599      997      851      
85       765      830      1022     536      820      
86       963      920      1000     1000     620      
87       611      1068     750      462      908      
88       885      1067     827      1036     502      
89       855      781      705      837      721      
90       1147     616      533      568      883      
91       871      733      1181     574      538      
92       756      849      1020     1113     1005     
93       401      851      948      965      452      
94       344      929      849      819      665      
95       479      736      334      964      1157     
96       956      814      876      624      467      
97       1076     602      424      897      890      
98       946      1183     479      345      1062     
99       1069     584      621      601      921      
100      972      310      627      497      712      
101      654      916      516      329      1013     
102      520      760      987      425      326      
103      1088     526      749      626      316      
104      528      331      968      596      345      
105      708      369      793      473      578      
106      311      309      1020     354      439      
107      844      768      578      1026     994      
108      625      939      352      399      641      
109      797      429      368      669      936      
110      1076     455      1048     891      862      
111      922      740      473      544      344      
112      613      307      570      689      380      
113      1165     391      1034     551      501      
114      515      1097     886      444      1189     
115      477      836      1120     361      1029     
116      728      315      615      302      336      
117      1027     770      1103     955      505      
118      374      572      662      739      315      
119      566      393      804      402      372      
120      528      1083     1158     714      732      
121      797      1149     428      660      583      
122      917      760      1040     398      613      
123      878      706      1157     465      1006     
124      1154     481      532      302      744      
125      527      326      1137     624      745      
126      495      1026     1146     1099     1036     
127      728      301      556      306      348      
128      418      403      852      497      354      
129      1157     645      936      692      965      
130      620      391      624      1144     323      
131      763      982      633      902      892      
132      461      1034     361      1110     577      
133      489      347      1046     1039     519      
134      1063     895      887      634      895      
135      742      1050     552      750      1040     
136      1114     748      921      349      968      
137      391      591      1134     1005     455      
138      526      824      1163     802      1149     
139      329      1036     429      460      507      
140      516      747      944      1113     822      
141      466      998      641      469      832      
142      372      1037     725      1135     876      
143      1003     923      436      1079     940      
144      691      829      752      644      460      
145      316      690      1134     1191     432      
146      753      325      849      600      911      
147      977      719      1142     715      1183     
148      801      1178     1050     434      418      
149      391      411      430      465      1004     
150      557      492      369      461      1193     
151      371      398      575      559      940      
152      469      725      550      553      856      
153      615      1025     1108     363      701      
154      615      792      738      1088     1124     
155      612      427      388      551      598      
156      888      1174     650      1005     758      
157      688      1180     1060     608      625      
158      885      370      1137     802      410      
159      471      1145     380      998      1186     
160      639      321      630      787      360      
161      877      1018     725      742      899      
162      915      886      806      792      418      
163      455      465      580      782      960      
164      673      592      1118     809      1162     
165      944      308      631      609      333      
166      1044     568      391      506      682      
167      831      373      417      950      440      
168      849      844      753      859      478      
169      382      600      698      881      1067     
170      313      757      826      347      412      
171      1065     1066     1154     975      481      
172      825      924      857      1094     1087     
173      679      911      1103     971      914      
174      931      1187     798      1022     368      
175      765      919      896      679      456      
176      312      386      470      1040     596      
177      611      1041     1108     1194     912      
178      985      1028     470      517      572      
179      508      1048     813      669      694      
180      515      380      805      678      829      
181      912      425      1002     557      417      
182      936      865      324      488      980      
183      1083     883      497      1064     889      
184      726      812      639      1073     812      
185      875      497      1127     566      674      
186      910      1126     396      814      311      
187      378      1165     832      963      1000     
188      328      464      842      670      1067     
189      817      653      787      837      786      
190      1050     1044     819      897      1138     
191      709      530      1181     949      1129     
192      674      745      1195     1134     378      
193      448      537      515      443      489      
194      536      933      447      648      364      
195      505      545      348      333      836      
196      498      909      906      1187     358      
197      642      987      1151     365      1083     
198      984      1093     748      327      494      
199      806      968      591      550      307      
200      812      558      1042     1161     635      
;



Table CP(j,w)    Capacidade produtiva de w em j
         1        2        3        4        5        
1        23040    23040    23040    23040    23040    
2        23040    23040    23040    23040    23040    
3        23040    23040    23040    23040    23040    
4        23040    23040    23040    23040    23040    
5        23040    23040    23040    23040    23040    
6        23040    23040    23040    23040    23040    
7        23040    23040    23040    23040    23040    
8        23040    23040    23040    23040    23040    
9        23040    23040    23040    23040    23040    
;



