sets
    j        periodos de programacao          /1*5/
    i        indice dos pedidos              /1*30/
    w        indice dos estagios produtivos  /1*3/
    ;

    Parameters

    beta
    /0.0/
    tau(i)   custo diario de atraso do pedido i
/
1	6
2	7
3	7
4	6
5	8
6	9
7	5
8	7
9	7
10	7
11	5
12	6
13	7
14	5
15	7
16	7
17	5
18	5
19	6
20	5
21	8
22	6
23	8
24	9
25	8
26	7
27	7
28	5
29	5
30	7
/

upsilon(w)       custo de operacao do setor produtivo w
/
1	2
2	4
3	1
/

d(i)     data de entrega de i
/
1	4
2	4
3	4
4	4
5	4
6	4
7	4
8	3
9	3
10	4
11	4
12	4
13	4
14	3
15	3
16	4
17	3
18	3
19	3
20	4
21	3
22	3
23	4
24	4
25	3
26	3
27	4
28	4
29	4
30	3
/
;
Table TP(i,w)    Tempo de processamento de i em w
         1        2        3        
1        912      772      663      
2        921      424      928      
3        362      790      770      
4        537      340      803      
5        573      896      1107     
6        429      659      960      
7        572      1099     793      
8        642      915      945      
9        457      1125     722      
10       1096     895      1008     
11       503      374      839      
12       621      450      995      
13       370      632      1160     
14       360      727      1037     
15       506      935      386      
16       556      522      965      
17       1106     878      1039     
18       1044     394      738      
19       1152     1051     843      
20       747      418      584      
21       1082     816      851      
22       1098     762      752      
23       374      1016     857      
24       524      847      906      
25       611      899      698      
26       758      1055     887      
27       748      1099     612      
28       782      405      335      
29       812      871      1076     
30       1056     546      650      
;



Table CP(j,w)    Capacidade produtiva de w em j
         1        2        3        
1        23040    23040    23040    
2        23040    23040    23040    
3        23040    23040    23040    
4        23040    23040    23040    
5        23040    23040    23040    
;



