sets
    j        periodos de programacao          /1*7/
    i        indice dos pedidos              /1*50/
    w        indice dos estagios produtivos  /1*3/
    ;

    Parameters

    beta
    /0.0/
    tau(i)   custo diario de atraso do pedido i
/
1	7
2	8
3	8
4	8
5	5
6	9
7	6
8	6
9	7
10	7
11	5
12	5
13	5
14	5
15	6
16	5
17	7
18	9
19	7
20	7
21	5
22	7
23	8
24	6
25	8
26	7
27	8
28	6
29	7
30	8
31	6
32	9
33	6
34	6
35	5
36	7
37	5
38	9
39	6
40	7
41	5
42	9
43	5
44	9
45	8
46	7
47	6
48	5
49	9
50	7
/

upsilon(w)       custo de operacao do setor produtivo w
/
1	9
2	1
3	4
/

d(i)     data de entrega de i
/
1	6
2	3
3	6
4	6
5	4
6	6
7	3
8	3
9	3
10	4
11	3
12	6
13	3
14	4
15	3
16	4
17	6
18	3
19	6
20	5
21	4
22	6
23	5
24	3
25	5
26	6
27	6
28	4
29	3
30	5
31	5
32	4
33	3
34	6
35	6
36	5
37	6
38	4
39	5
40	5
41	4
42	5
43	4
44	4
45	3
46	6
47	5
48	6
49	3
50	5
/
;
Table TP(i,w)    Tempo de processamento de i em w
         1        2        3        
1        1003     467      906      
2        370      1175     773      
3        1009     1154     864      
4        1072     807      458      
5        658      474      595      
6        695      451      533      
7        579      598      808      
8        342      1131     947      
9        470      316      611      
10       817      697      937      
11       988      840      527      
12       958      799      1025     
13       453      691      673      
14       775      557      329      
15       829      751      368      
16       1174     640      682      
17       1111     853      338      
18       626      1025     1152     
19       570      574      608      
20       373      585      780      
21       601      536      445      
22       521      1133     1032     
23       310      696      1187     
24       565      424      947      
25       487      488      1009     
26       883      876      476      
27       535      1104     463      
28       655      402      710      
29       827      818      928      
30       929      833      303      
31       878      946      437      
32       873      1142     1095     
33       884      592      593      
34       682      459      1135     
35       773      377      951      
36       694      631      539      
37       541      727      470      
38       737      434      1079     
39       455      318      872      
40       711      746      604      
41       960      631      675      
42       935      893      575      
43       547      316      456      
44       623      635      736      
45       1078     976      879      
46       819      1040     1086     
47       710      811      826      
48       1011     537      833      
49       736      363      604      
50       363      959      422      
;



Table CP(j,w)    Capacidade produtiva de w em j
         1        2        3        
1        23040    23040    23040    
2        23040    23040    23040    
3        23040    23040    23040    
4        23040    23040    23040    
5        23040    23040    23040    
6        23040    23040    23040    
7        23040    23040    23040    
;



