sets
    j        periodos de programacao          /1*9/
    i        indice dos pedidos              /1*50/
    w        indice dos estagios produtivos  /1*7/
    ;

    Parameters

    beta
    /0.0/
    tau(i)   custo diario de atraso do pedido i
/
1	7
2	5
3	7
4	8
5	7
6	7
7	6
8	8
9	8
10	6
11	8
12	8
13	8
14	6
15	7
16	9
17	7
18	7
19	5
20	5
21	5
22	5
23	8
24	9
25	9
26	5
27	5
28	6
29	6
30	8
31	9
32	9
33	8
34	6
35	8
36	9
37	5
38	9
39	5
40	7
41	9
42	9
43	7
44	6
45	5
46	9
47	7
48	9
49	8
50	7
/

upsilon(w)       custo de operacao do setor produtivo w
/
1	7
2	4
3	8
4	5
5	2
6	5
7	8
/

d(i)     data de entrega de i
/
1	8
2	7
3	8
4	8
5	8
6	7
7	8
8	8
9	7
10	8
11	7
12	8
13	8
14	8
15	7
16	7
17	8
18	8
19	8
20	8
21	8
22	7
23	7
24	8
25	8
26	7
27	7
28	8
29	7
30	7
31	8
32	8
33	7
34	7
35	8
36	8
37	8
38	8
39	7
40	8
41	8
42	8
43	8
44	7
45	8
46	7
47	8
48	7
49	7
50	7
/
;
Table TP(i,w)    Tempo de processamento de i em w
         1        2        3        4        5        6        7        
1        1197     1007     612      1071     463      583      1035     
2        1084     608      948      765      777      360      788      
3        1181     441      994      1108     712      477      753      
4        657      1173     617      962      882      1012     898      
5        938      386      1076     929      905      913      920      
6        1191     641      1043     627      1156     757      447      
7        487      1176     1172     796      986      778      832      
8        672      350      875      781      981      955      543      
9        1012     547      765      871      758      844      409      
10       1167     549      736      411      594      595      1139     
11       1079     341      1048     697      1076     996      819      
12       496      1162     826      365      468      1021     541      
13       952      763      899      715      909      755      772      
14       424      974      715      605      729      1049     541      
15       374      665      1022     451      991      1120     536      
16       1152     437      1155     550      618      760      1005     
17       933      1102     1175     346      574      683      341      
18       327      570      975      438      794      1017     1016     
19       463      797      679      1147     895      801      1194     
20       1120     1047     1141     361      1061     1166     889      
21       491      1119     471      653      828      539      1073     
22       812      538      1187     563      625      828      1074     
23       590      424      825      845      684      815      307      
24       740      1149     908      827      325      657      455      
25       817      933      1043     343      1158     1171     323      
26       1187     827      1053     317      668      1143     1073     
27       814      1186     779      955      310      326      1168     
28       1130     1122     1012     478      942      682      917      
29       383      973      564      859      355      707      991      
30       796      1107     560      945      1135     622      1131     
31       815      897      1153     981      1030     504      566      
32       767      1041     1140     670      625      670      1126     
33       541      751      459      335      525      759      574      
34       364      943      447      369      999      1023     475      
35       793      739      1104     944      1022     1113     701      
36       774      784      379      1091     1015     985      1132     
37       694      1100     859      465      1034     872      475      
38       456      371      340      947      506      975      915      
39       1185     1181     396      686      517      338      836      
40       1100     1200     1173     358      1167     635      462      
41       662      468      977      808      972      623      373      
42       1115     976      1112     881      333      401      558      
43       516      422      485      696      603      489      310      
44       1110     1190     1149     575      952      493      1152     
45       1142     815      843      328      972      530      567      
46       1101     406      633      639      1048     553      1070     
47       959      323      1198     1027     608      998      1091     
48       1186     945      659      558      760      598      344      
49       398      1080     944      1120     714      860      943      
50       513      1094     444      856      885      723      1125     
;



Table CP(j,w)    Capacidade produtiva de w em j
         1        2        3        4        5        6        7        
1        23040    23040    23040    23040    23040    23040    23040    
2        23040    23040    23040    23040    23040    23040    23040    
3        23040    23040    23040    23040    23040    23040    23040    
4        23040    23040    23040    23040    23040    23040    23040    
5        23040    23040    23040    23040    23040    23040    23040    
6        23040    23040    23040    23040    23040    23040    23040    
7        23040    23040    23040    23040    23040    23040    23040    
8        23040    23040    23040    23040    23040    23040    23040    
9        23040    23040    23040    23040    23040    23040    23040    
;



