sets
    j        periodos de programacao          /1*11/
    i        indice dos pedidos              /1*30/
    w        indice dos estagios produtivos  /1*7/
    ;

    Parameters

    beta
    /0.0/
    tau(i)   custo diario de atraso do pedido i
/
1	5
2	5
3	6
4	8
5	9
6	9
7	6
8	5
9	5
10	8
11	7
12	5
13	7
14	8
15	6
16	5
17	9
18	7
19	6
20	8
21	7
22	9
23	5
24	5
25	7
26	5
27	7
28	7
29	8
30	5
/

upsilon(w)       custo de operacao do setor produtivo w
/
1	6
2	9
3	6
4	8
5	1
6	2
7	6
/

d(i)     data de entrega de i
/
1	8
2	7
3	8
4	9
5	9
6	8
7	10
8	8
9	10
10	9
11	7
12	9
13	10
14	7
15	7
16	8
17	7
18	7
19	10
20	9
21	9
22	8
23	10
24	9
25	9
26	8
27	9
28	10
29	9
30	10
/
;
Table TP(i,w)    Tempo de processamento de i em w
         1        2        3        4        5        6        7        
1        956      664      654      465      575      543      879      
2        382      803      722      409      1014     384      1152     
3        885      1025     440      662      574      1141     673      
4        1146     330      543      1128     568      871      393      
5        697      1170     716      691      737      792      1170     
6        968      521      765      1161     849      912      863      
7        938      303      425      617      310      1180     682      
8        405      715      724      1154     566      378      1095     
9        611      387      557      341      909      894      1152     
10       1094     1126     1035     479      362      417      1121     
11       1190     1134     752      404      373      507      337      
12       1148     1125     975      873      496      345      916      
13       795      1066     821      772      423      524      1060     
14       1031     541      519      1103     728      593      532      
15       1013     1085     536      1181     577      782      789      
16       539      1184     909      767      1122     773      372      
17       552      888      772      964      626      499      656      
18       614      533      452      886      619      1192     1057     
19       574      512      1118     724      558      1068     1108     
20       473      615      1090     593      458      1066     948      
21       1088     757      591      814      1141     1088     450      
22       801      711      527      706      1141     591      806      
23       1059     1156     565      555      849      1059     719      
24       452      595      1194     718      1131     937      563      
25       390      913      822      501      538      1006     1181     
26       362      608      463      582      914      1093     1018     
27       475      898      482      948      680      321      556      
28       1070     510      834      649      320      724      1073     
29       667      511      1191     1094     844      513      1048     
30       825      1081     946      530      395      789      704      
;



Table CP(j,w)    Capacidade produtiva de w em j
         1        2        3        4        5        6        7        
1        23040    23040    23040    23040    23040    23040    23040    
2        23040    23040    23040    23040    23040    23040    23040    
3        23040    23040    23040    23040    23040    23040    23040    
4        23040    23040    23040    23040    23040    23040    23040    
5        23040    23040    23040    23040    23040    23040    23040    
6        23040    23040    23040    23040    23040    23040    23040    
7        23040    23040    23040    23040    23040    23040    23040    
8        23040    23040    23040    23040    23040    23040    23040    
9        23040    23040    23040    23040    23040    23040    23040    
10       23040    23040    23040    23040    23040    23040    23040    
11       23040    23040    23040    23040    23040    23040    23040    
;



