sets
    j        periodos de programacao          /1*7/
    i        indice dos pedidos              /1*30/
    w        indice dos estagios produtivos  /1*5/
    ;

    Parameters

    beta
    /0.0/
    tau(i)   custo diario de atraso do pedido i
/
1	8
2	5
3	8
4	8
5	5
6	6
7	9
8	5
9	6
10	5
11	9
12	8
13	6
14	8
15	6
16	7
17	7
18	9
19	7
20	9
21	8
22	8
23	7
24	7
25	8
26	7
27	6
28	5
29	9
30	8
/

upsilon(w)       custo de operacao do setor produtivo w
/
1	7
2	2
3	1
4	3
5	3
/

d(i)     data de entrega de i
/
1	6
2	6
3	6
4	5
5	6
6	6
7	5
8	6
9	6
10	5
11	5
12	5
13	5
14	5
15	5
16	6
17	5
18	6
19	5
20	5
21	5
22	6
23	5
24	5
25	6
26	5
27	6
28	5
29	5
30	6
/
;
Table TP(i,w)    Tempo de processamento de i em w
         1        2        3        4        5        
1        759      309      1008     365      782      
2        939      778      924      997      795      
3        1045     555      641      580      453      
4        654      1086     326      722      1051     
5        1009     703      550      1017     612      
6        1173     571      438      1085     649      
7        805      485      431      1146     916      
8        498      344      974      644      1124     
9        705      1198     467      769      867      
10       532      1053     429      549      360      
11       764      901      350      611      549      
12       461      1045     343      468      1034     
13       819      1065     721      402      878      
14       757      937      342      369      645      
15       449      1182     1032     1177     507      
16       631      307      609      930      344      
17       681      1020     382      659      625      
18       790      1008     1018     433      526      
19       750      635      545      594      512      
20       1063     983      539      543      758      
21       672      640      982      389      942      
22       303      1159     411      1016     809      
23       512      418      709      427      366      
24       357      722      483      1050     1180     
25       526      573      986      844      344      
26       599      832      318      586      1099     
27       1157     1145     997      512      735      
28       671      887      1109     471      986      
29       419      1153     699      690      975      
30       836      990      1148     645      450      
;



Table CP(j,w)    Capacidade produtiva de w em j
         1        2        3        4        5        
1        23040    23040    23040    23040    23040    
2        23040    23040    23040    23040    23040    
3        23040    23040    23040    23040    23040    
4        23040    23040    23040    23040    23040    
5        23040    23040    23040    23040    23040    
6        23040    23040    23040    23040    23040    
7        23040    23040    23040    23040    23040    
;



