sets
    j        periodos de programacao          /1*9/
    i        indice dos pedidos              /1*300/
    w        indice dos estagios produtivos  /1*5/
    ;

    Parameters

    beta
    /0.0/
    tau(i)   custo diario de atraso do pedido i
/
1	9
2	5
3	6
4	5
5	9
6	7
7	5
8	7
9	7
10	6
11	9
12	5
13	5
14	6
15	8
16	6
17	9
18	9
19	5
20	9
21	8
22	9
23	6
24	8
25	7
26	9
27	6
28	9
29	7
30	6
31	9
32	8
33	5
34	9
35	9
36	7
37	8
38	7
39	7
40	5
41	5
42	8
43	8
44	6
45	5
46	9
47	5
48	5
49	9
50	8
51	7
52	8
53	9
54	7
55	9
56	6
57	9
58	6
59	5
60	9
61	6
62	5
63	7
64	7
65	5
66	9
67	9
68	8
69	7
70	8
71	8
72	8
73	9
74	6
75	7
76	7
77	6
78	9
79	9
80	5
81	7
82	6
83	9
84	9
85	9
86	5
87	6
88	7
89	7
90	9
91	6
92	8
93	5
94	6
95	9
96	5
97	7
98	8
99	5
100	7
101	8
102	6
103	8
104	5
105	7
106	5
107	7
108	9
109	6
110	6
111	8
112	7
113	7
114	9
115	7
116	6
117	6
118	5
119	7
120	7
121	6
122	5
123	5
124	8
125	9
126	6
127	5
128	6
129	6
130	7
131	7
132	9
133	6
134	6
135	8
136	7
137	7
138	9
139	5
140	5
141	8
142	7
143	9
144	7
145	9
146	5
147	8
148	5
149	5
150	6
151	8
152	6
153	5
154	8
155	5
156	6
157	5
158	9
159	6
160	7
161	5
162	7
163	7
164	6
165	9
166	6
167	7
168	9
169	9
170	6
171	7
172	5
173	7
174	9
175	8
176	6
177	7
178	7
179	6
180	6
181	9
182	9
183	7
184	9
185	8
186	9
187	5
188	9
189	8
190	6
191	6
192	7
193	5
194	6
195	6
196	7
197	8
198	9
199	8
200	7
201	6
202	9
203	9
204	9
205	5
206	7
207	5
208	9
209	6
210	6
211	8
212	7
213	8
214	9
215	9
216	9
217	5
218	7
219	7
220	5
221	5
222	6
223	9
224	7
225	8
226	8
227	8
228	8
229	8
230	9
231	6
232	8
233	5
234	8
235	5
236	6
237	9
238	5
239	7
240	8
241	6
242	8
243	8
244	9
245	9
246	7
247	8
248	5
249	6
250	7
251	8
252	7
253	6
254	7
255	7
256	9
257	6
258	5
259	5
260	7
261	9
262	6
263	7
264	9
265	8
266	9
267	5
268	5
269	8
270	9
271	9
272	9
273	8
274	6
275	7
276	8
277	6
278	9
279	9
280	9
281	8
282	9
283	5
284	5
285	7
286	8
287	5
288	5
289	7
290	7
291	6
292	6
293	7
294	6
295	9
296	5
297	7
298	7
299	8
300	7
/

upsilon(w)       custo de operacao do setor produtivo w
/
1	4
2	1
3	8
4	1
5	5
/

d(i)     data de entrega de i
/
1	7
2	5
3	5
4	5
5	6
6	5
7	8
8	6
9	6
10	8
11	6
12	5
13	5
14	6
15	8
16	5
17	8
18	5
19	5
20	6
21	8
22	5
23	7
24	7
25	7
26	7
27	8
28	7
29	6
30	6
31	7
32	8
33	6
34	7
35	6
36	6
37	7
38	6
39	5
40	8
41	8
42	7
43	6
44	7
45	6
46	7
47	6
48	5
49	6
50	5
51	8
52	6
53	5
54	7
55	7
56	6
57	5
58	6
59	8
60	8
61	6
62	6
63	7
64	5
65	7
66	7
67	8
68	8
69	8
70	5
71	5
72	8
73	8
74	6
75	5
76	8
77	5
78	5
79	7
80	5
81	7
82	8
83	7
84	8
85	5
86	7
87	6
88	7
89	6
90	5
91	5
92	7
93	5
94	6
95	6
96	8
97	7
98	8
99	6
100	6
101	7
102	8
103	5
104	8
105	5
106	5
107	6
108	7
109	5
110	6
111	8
112	7
113	6
114	7
115	5
116	5
117	6
118	7
119	6
120	5
121	5
122	6
123	5
124	7
125	8
126	6
127	6
128	6
129	6
130	7
131	8
132	5
133	6
134	8
135	8
136	7
137	5
138	8
139	5
140	7
141	5
142	6
143	6
144	6
145	7
146	5
147	8
148	7
149	5
150	8
151	5
152	5
153	6
154	7
155	6
156	8
157	7
158	5
159	8
160	5
161	6
162	6
163	7
164	7
165	6
166	8
167	5
168	8
169	6
170	6
171	8
172	8
173	5
174	8
175	7
176	5
177	6
178	6
179	7
180	8
181	6
182	6
183	6
184	5
185	6
186	8
187	7
188	5
189	8
190	5
191	6
192	8
193	5
194	8
195	8
196	6
197	6
198	5
199	6
200	6
201	5
202	7
203	7
204	5
205	7
206	7
207	5
208	5
209	6
210	7
211	6
212	8
213	5
214	5
215	7
216	7
217	5
218	5
219	7
220	7
221	6
222	6
223	6
224	7
225	5
226	8
227	5
228	6
229	8
230	7
231	8
232	5
233	7
234	7
235	5
236	5
237	8
238	7
239	7
240	7
241	5
242	5
243	7
244	6
245	6
246	6
247	7
248	5
249	7
250	8
251	7
252	5
253	5
254	8
255	6
256	7
257	8
258	7
259	8
260	5
261	6
262	6
263	5
264	5
265	7
266	8
267	6
268	6
269	6
270	5
271	5
272	5
273	5
274	6
275	8
276	6
277	6
278	7
279	6
280	8
281	6
282	6
283	7
284	6
285	6
286	7
287	7
288	7
289	6
290	5
291	7
292	8
293	8
294	8
295	5
296	5
297	5
298	8
299	8
300	8
/
;
Table TP(i,w)    Tempo de processamento de i em w
         1        2        3        4        5        
1        912      450      942      603      350      
2        554      359      469      886      1106     
3        829      733      1088     794      514      
4        898      1150     337      1096     820      
5        874      880      605      668      367      
6        881      700      933      358      704      
7        300      499      816      484      518      
8        458      684      729      1002     992      
9        533      698      657      805      609      
10       419      1196     764      917      924      
11       395      954      390      809      428      
12       340      686      1176     977      497      
13       1184     419      1102     836      1200     
14       1070     516      936      947      389      
15       1001     1179     881      380      763      
16       583      1094     425      368      446      
17       327      825      466      697      1181     
18       743      599      862      1194     574      
19       926      1081     710      542      898      
20       740      881      863      1142     323      
21       723      502      443      400      537      
22       1091     482      1187     1081     620      
23       334      869      756      789      1120     
24       1021     1040     924      305      429      
25       475      869      535      749      1159     
26       412      1063     1129     1010     1196     
27       735      642      612      1088     1144     
28       395      661      587      849      443      
29       1034     1122     758      951      351      
30       760      883      1141     476      965      
31       855      754      881      815      386      
32       1167     353      767      936      1175     
33       372      1172     553      737      862      
34       656      723      366      994      1030     
35       329      984      418      1022     457      
36       315      305      1174     975      566      
37       1042     1003     995      1177     946      
38       957      888      669      862      457      
39       1098     338      353      741      925      
40       753      613      383      729      787      
41       686      871      891      905      1100     
42       638      615      567      617      989      
43       562      1160     770      419      1051     
44       379      437      1079     1133     528      
45       399      471      839      775      1142     
46       1027     746      802      1179     985      
47       640      503      584      783      924      
48       554      427      1135     694      992      
49       1080     1150     948      539      712      
50       1023     431      367      938      727      
51       773      1043     1124     983      855      
52       440      366      1200     1101     679      
53       747      830      516      365      376      
54       342      504      957      1199     620      
55       1009     761      823      466      719      
56       1158     1024     730      480      629      
57       1057     508      941      303      599      
58       786      871      561      539      750      
59       858      1145     904      668      403      
60       692      902      427      336      615      
61       948      693      1040     716      855      
62       530      1046     856      521      714      
63       874      806      628      1088     815      
64       965      1180     406      1193     427      
65       1198     316      665      537      514      
66       687      865      925      781      418      
67       524      525      978      880      501      
68       684      653      951      807      354      
69       900      555      834      485      509      
70       1122     808      387      810      330      
71       527      1186     1200     530      992      
72       860      828      358      521      1146     
73       486      798      726      1200     1031     
74       947      498      597      742      927      
75       921      864      318      1118     434      
76       608      855      518      977      958      
77       381      1073     588      371      691      
78       680      854      456      772      1111     
79       1182     743      513      995      1010     
80       1048     684      381      591      873      
81       994      810      1048     940      752      
82       864      1087     636      961      466      
83       658      387      1172     846      714      
84       891      630      895      446      903      
85       933      917      667      848      438      
86       546      708      411      779      602      
87       925      1121     398      792      909      
88       1023     313      981      651      1137     
89       826      530      540      488      1070     
90       758      531      511      973      410      
91       538      556      620      388      778      
92       687      978      1184     622      480      
93       724      1069     963      871      599      
94       1059     710      711      1029     654      
95       589      924      377      610      1063     
96       580      333      833      970      886      
97       374      337      1195     558      460      
98       405      320      1047     1032     418      
99       880      381      717      473      1119     
100      626      985      941      861      1196     
101      592      848      434      518      314      
102      1137     367      823      998      408      
103      710      1075     738      732      874      
104      363      682      596      699      897      
105      811      507      839      445      708      
106      870      795      1107     929      426      
107      1060     907      319      438      1193     
108      1033     1086     1121     685      670      
109      716      384      789      668      483      
110      960      799      948      722      1116     
111      954      902      899      884      919      
112      963      1170     1136     739      1171     
113      563      523      712      1050     467      
114      526      499      764      838      490      
115      908      576      1024     472      941      
116      863      877      798      498      876      
117      322      328      373      304      423      
118      389      809      824      511      917      
119      1052     914      1123     588      796      
120      572      773      607      323      346      
121      1049     350      687      307      565      
122      586      396      621      635      669      
123      619      568      541      767      821      
124      854      443      1149     418      962      
125      352      992      762      992      526      
126      429      352      763      617      976      
127      908      676      943      1151     544      
128      584      705      405      442      1064     
129      945      770      592      964      485      
130      692      644      1193     470      444      
131      550      983      593      747      958      
132      938      810      427      745      411      
133      1112     790      555      544      426      
134      798      1133     905      737      1155     
135      884      851      307      945      536      
136      713      587      578      1127     949      
137      332      798      1188     532      625      
138      689      1199     536      1091     973      
139      301      473      707      906      765      
140      337      892      423      821      664      
141      846      909      777      1036     643      
142      657      470      397      896      1011     
143      554      1024     1144     904      899      
144      301      379      1058     664      761      
145      692      985      410      554      370      
146      647      849      610      902      404      
147      1010     533      637      699      806      
148      389      690      605      1155     1191     
149      523      750      983      772      306      
150      382      570      543      521      960      
151      991      590      901      793      803      
152      464      972      577      531      722      
153      973      1151     521      692      1097     
154      791      958      704      517      416      
155      954      819      600      1074     449      
156      564      913      936      377      472      
157      983      844      1189     791      611      
158      1195     1190     1124     657      498      
159      540      946      655      996      594      
160      1100     372      313      919      443      
161      942      1196     542      419      333      
162      414      873      635      596      497      
163      382      353      336      896      711      
164      1119     1010     538      672      666      
165      346      540      865      344      668      
166      521      1165     481      1160     720      
167      1088     894      648      1162     343      
168      1135     1169     939      1167     1171     
169      376      596      782      529      365      
170      442      561      473      305      516      
171      884      859      318      1057     449      
172      970      710      1051     530      450      
173      990      932      1064     1111     333      
174      807      810      615      1132     810      
175      718      630      461      514      872      
176      476      348      745      816      733      
177      846      962      648      1109     303      
178      1004     315      1073     950      1023     
179      568      437      822      970      867      
180      1050     930      1045     322      516      
181      304      876      973      826      1134     
182      705      345      548      445      1187     
183      797      885      728      497      1071     
184      402      1135     650      863      695      
185      554      647      1115     1027     631      
186      332      505      1023     478      450      
187      559      1114     783      703      479      
188      452      337      869      1133     997      
189      1184     684      355      811      1163     
190      753      856      1054     921      1166     
191      437      338      740      772      699      
192      572      455      1191     1015     709      
193      647      326      1113     589      969      
194      735      463      1124     1130     574      
195      835      368      740      501      664      
196      534      711      424      397      924      
197      956      672      471      704      671      
198      440      558      432      626      796      
199      909      700      612      517      404      
200      505      990      479      1147     939      
201      512      667      866      588      1061     
202      311      1153     410      1022     993      
203      1125     937      515      561      560      
204      655      761      890      713      370      
205      646      311      525      1030     532      
206      773      592      637      1090     656      
207      960      731      1086     763      553      
208      346      313      725      1200     765      
209      1068     1037     697      1177     585      
210      817      587      678      413      509      
211      1019     987      1055     334      544      
212      528      756      541      839      611      
213      631      1163     633      782      584      
214      622      459      724      931      638      
215      817      1064     704      791      349      
216      1042     953      867      833      870      
217      669      1123     715      753      391      
218      608      1148     919      540      1083     
219      799      736      921      802      1198     
220      844      581      424      923      719      
221      792      872      947      789      1200     
222      610      1104     682      423      425      
223      883      679      1097     488      581      
224      1098     1010     494      1052     552      
225      1171     755      486      875      807      
226      1033     958      643      1054     843      
227      1021     399      1199     596      516      
228      546      1161     1171     330      439      
229      350      718      897      846      1083     
230      935      541      639      413      612      
231      960      618      420      616      986      
232      525      300      393      1044     405      
233      410      1003     368      327      999      
234      819      610      468      611      809      
235      453      1132     339      739      1043     
236      338      994      869      469      697      
237      499      705      679      616      352      
238      1192     709      535      860      331      
239      327      527      669      566      843      
240      705      794      961      1009     443      
241      1023     1197     492      666      578      
242      822      808      538      1089     1063     
243      777      921      570      603      366      
244      621      531      568      486      381      
245      1137     464      476      699      839      
246      636      479      926      457      431      
247      896      1122     655      752      1124     
248      859      1006     943      451      428      
249      581      983      1015     930      422      
250      323      1018     1104     1131     896      
251      1007     463      1011     474      764      
252      654      530      480      776      1055     
253      602      723      856      979      528      
254      831      762      773      866      756      
255      1060     454      431      925      774      
256      699      370      916      1136     666      
257      1085     354      510      370      951      
258      1024     624      970      903      1120     
259      945      1002     699      654      857      
260      976      604      637      881      889      
261      454      908      1088     1111     757      
262      408      1001     670      1096     911      
263      1148     509      975      557      400      
264      1154     336      311      996      899      
265      1155     1112     602      1002     1055     
266      641      947      661      422      563      
267      1154     421      947      953      615      
268      669      645      671      312      1050     
269      362      444      893      1198     1093     
270      679      1145     463      311      873      
271      833      678      600      837      774      
272      465      1165     1123     1122     1107     
273      483      1165     1145     408      1122     
274      715      579      668      547      640      
275      390      678      528      891      604      
276      641      785      1005     729      1047     
277      913      342      925      624      1138     
278      904      581      647      702      1083     
279      307      750      588      325      552      
280      841      1140     672      376      400      
281      608      671      373      1177     1185     
282      456      437      963      801      455      
283      1010     345      893      876      469      
284      506      561      1039     741      699      
285      1032     337      1059     685      1111     
286      551      1133     815      945      400      
287      1115     338      893      355      347      
288      734      1157     1123     739      381      
289      1133     518      405      743      832      
290      569      532      685      923      907      
291      421      785      1109     690      702      
292      669      352      566      376      449      
293      1004     646      539      507      519      
294      404      1191     592      994      606      
295      407      811      866      582      1121     
296      1061     923      1112     370      880      
297      351      700      386      858      354      
298      792      342      427      1135     544      
299      551      914      490      803      595      
300      1102     426      866      396      996      
;



Table CP(j,w)    Capacidade produtiva de w em j
         1        2        3        4        5        
1        23040    23040    23040    23040    23040    
2        23040    23040    23040    23040    23040    
3        23040    23040    23040    23040    23040    
4        23040    23040    23040    23040    23040    
5        23040    23040    23040    23040    23040    
6        23040    23040    23040    23040    23040    
7        23040    23040    23040    23040    23040    
8        23040    23040    23040    23040    23040    
9        23040    23040    23040    23040    23040    
;



