sets
    j        periodos de programacao          /1*5/
    i        indice dos pedidos              /1*30/
    w        indice dos estagios produtivos  /1*3/
    ;

    Parameters

    beta
    /0.0/
    tau(i)   custo diario de atraso do pedido i
/
1	9
2	5
3	8
4	9
5	6
6	5
7	5
8	5
9	8
10	7
11	8
12	6
13	7
14	7
15	9
16	5
17	7
18	5
19	6
20	6
21	9
22	9
23	9
24	6
25	6
26	5
27	7
28	9
29	7
30	7
/

upsilon(w)       custo de operacao do setor produtivo w
/
1	1
2	3
3	5
/

d(i)     data de entrega de i
/
1	4
2	4
3	3
4	3
5	4
6	3
7	4
8	3
9	3
10	3
11	4
12	4
13	4
14	4
15	4
16	3
17	4
18	3
19	4
20	4
21	3
22	3
23	3
24	3
25	3
26	3
27	4
28	4
29	3
30	4
/
;
Table TP(i,w)    Tempo de processamento de i em w
         1        2        3        
1        426      435      846      
2        363      1084     706      
3        605      988      913      
4        643      715      483      
5        1090     1103     521      
6        1183     377      669      
7        1069     466      1157     
8        696      962      611      
9        1100     789      762      
10       533      1132     868      
11       792      793      1045     
12       1149     676      677      
13       984      504      871      
14       647      579      1085     
15       478      471      824      
16       454      1102     708      
17       574      942      455      
18       1172     381      613      
19       410      1162     635      
20       943      1045     486      
21       379      635      873      
22       1054     813      391      
23       595      1043     549      
24       720      572      923      
25       389      1096     816      
26       845      534      1167     
27       872      942      984      
28       1005     396      401      
29       544      528      799      
30       941      412      1132     
;



Table CP(j,w)    Capacidade produtiva de w em j
         1        2        3        
1        23040    23040    23040    
2        23040    23040    23040    
3        23040    23040    23040    
4        23040    23040    23040    
5        23040    23040    23040    
;



