sets
    j        periodos de programacao          /1*7/
    i        indice dos pedidos              /1*50/
    w        indice dos estagios produtivos  /1*3/
    ;

    Parameters

    beta
    /0.0/
    tau(i)   custo diario de atraso do pedido i
/
1	5
2	9
3	6
4	5
5	5
6	6
7	9
8	8
9	6
10	6
11	7
12	6
13	9
14	6
15	7
16	8
17	8
18	9
19	7
20	6
21	8
22	6
23	7
24	8
25	5
26	8
27	8
28	7
29	8
30	7
31	5
32	7
33	8
34	8
35	7
36	6
37	6
38	7
39	8
40	5
41	8
42	6
43	6
44	8
45	6
46	8
47	8
48	9
49	7
50	8
/

upsilon(w)       custo de operacao do setor produtivo w
/
1	7
2	1
3	8
/

d(i)     data de entrega de i
/
1	4
2	5
3	3
4	3
5	5
6	5
7	6
8	6
9	6
10	4
11	5
12	4
13	3
14	6
15	4
16	5
17	5
18	3
19	3
20	4
21	5
22	3
23	4
24	3
25	4
26	3
27	5
28	3
29	6
30	6
31	5
32	3
33	3
34	4
35	3
36	5
37	6
38	5
39	6
40	5
41	6
42	5
43	5
44	5
45	4
46	3
47	6
48	5
49	5
50	6
/
;
Table TP(i,w)    Tempo de processamento de i em w
         1        2        3        
1        364      332      772      
2        1144     308      1199     
3        652      1138     600      
4        981      1169     426      
5        704      489      357      
6        958      384      867      
7        974      799      652      
8        1171     953      870      
9        906      475      686      
10       845      382      980      
11       1018     685      1074     
12       833      620      791      
13       988      1024     961      
14       314      669      544      
15       650      1165     885      
16       775      475      1032     
17       749      1108     514      
18       1097     1080     1091     
19       391      314      378      
20       805      1116     685      
21       1091     408      535      
22       1101     943      317      
23       635      1109     1170     
24       1002     460      988      
25       1130     335      1148     
26       559      353      437      
27       1011     869      1049     
28       465      494      522      
29       357      346      740      
30       794      416      314      
31       783      1073     988      
32       310      986      303      
33       779      1130     1012     
34       929      358      547      
35       1012     865      669      
36       1150     545      376      
37       313      769      1012     
38       858      374      1006     
39       346      1069     557      
40       476      522      660      
41       717      824      349      
42       847      935      1083     
43       938      941      834      
44       1084     390      1155     
45       748      645      937      
46       845      441      1121     
47       513      1175     484      
48       587      1190     912      
49       642      480      1115     
50       663      980      431      
;



Table CP(j,w)    Capacidade produtiva de w em j
         1        2        3        
1        23040    23040    23040    
2        23040    23040    23040    
3        23040    23040    23040    
4        23040    23040    23040    
5        23040    23040    23040    
6        23040    23040    23040    
7        23040    23040    23040    
;



