sets
    j        periodos de programacao          /1*9/
    i        indice dos pedidos              /1*30/
    w        indice dos estagios produtivos  /1*5/
    ;

    Parameters

    beta
    /0.0/
    tau(i)   custo diario de atraso do pedido i
/
1	9
2	5
3	8
4	7
5	6
6	6
7	7
8	5
9	7
10	6
11	7
12	7
13	8
14	5
15	7
16	9
17	5
18	7
19	9
20	5
21	8
22	5
23	7
24	8
25	7
26	5
27	5
28	9
29	6
30	5
/

upsilon(w)       custo de operacao do setor produtivo w
/
1	2
2	6
3	9
4	9
5	9
/

d(i)     data de entrega de i
/
1	5
2	8
3	8
4	6
5	7
6	5
7	5
8	5
9	8
10	5
11	8
12	6
13	8
14	6
15	8
16	6
17	5
18	8
19	7
20	8
21	7
22	5
23	7
24	5
25	6
26	7
27	8
28	7
29	8
30	6
/
;
Table TP(i,w)    Tempo de processamento de i em w
         1        2        3        4        5        
1        874      976      961      376      1051     
2        301      978      595      639      896      
3        417      848      1035     909      439      
4        650      881      404      1191     1130     
5        733      1094     602      968      515      
6        982      476      708      878      666      
7        799      793      452      749      657      
8        1070     925      551      328      623      
9        320      882      1086     1135     1038     
10       333      428      1008     1017     1057     
11       531      750      979      321      969      
12       996      965      957      620      761      
13       1138     1091     596      1022     349      
14       1094     695      510      407      398      
15       642      1153     851      926      428      
16       579      799      1083     786      427      
17       753      609      534      835      1098     
18       1034     714      951      658      775      
19       1140     874      689      961      611      
20       1001     339      651      473      1105     
21       451      987      316      782      701      
22       464      909      606      500      1030     
23       1091     383      443      338      858      
24       716      391      330      358      1013     
25       463      1081     496      1061     945      
26       780      346      898      1114     1015     
27       691      1102     1132     1198     903      
28       1019     902      341      1104     1056     
29       1175     779      552      516      436      
30       816      1174     900      327      972      
;



Table CP(j,w)    Capacidade produtiva de w em j
         1        2        3        4        5        
1        23040    23040    23040    23040    23040    
2        23040    23040    23040    23040    23040    
3        23040    23040    23040    23040    23040    
4        23040    23040    23040    23040    23040    
5        23040    23040    23040    23040    23040    
6        23040    23040    23040    23040    23040    
7        23040    23040    23040    23040    23040    
8        23040    23040    23040    23040    23040    
9        23040    23040    23040    23040    23040    
;



