sets
    j        periodos de programacao          /1*9/
    i        indice dos pedidos              /1*30/
    w        indice dos estagios produtivos  /1*5/
    ;

    Parameters

    beta
    /0.0/
    tau(i)   custo diario de atraso do pedido i
/
1	8
2	8
3	7
4	7
5	8
6	9
7	5
8	9
9	5
10	9
11	9
12	5
13	7
14	7
15	6
16	7
17	7
18	9
19	6
20	9
21	9
22	9
23	9
24	9
25	5
26	6
27	7
28	9
29	7
30	7
/

upsilon(w)       custo de operacao do setor produtivo w
/
1	6
2	5
3	1
4	8
5	3
/

d(i)     data de entrega de i
/
1	6
2	6
3	7
4	6
5	5
6	7
7	8
8	5
9	5
10	7
11	6
12	8
13	7
14	7
15	6
16	6
17	5
18	5
19	7
20	5
21	8
22	5
23	8
24	7
25	7
26	7
27	7
28	5
29	7
30	5
/
;
Table TP(i,w)    Tempo de processamento de i em w
         1        2        3        4        5        
1        316      1098     848      871      596      
2        749      1163     424      542      421      
3        559      583      753      1124     978      
4        771      767      766      896      696      
5        521      763      328      1143     973      
6        489      1114     611      631      624      
7        1082     504      627      1197     758      
8        856      638      925      592      612      
9        882      768      418      346      1048     
10       942      833      870      716      1107     
11       992      962      1001     1122     751      
12       922      1013     891      524      897      
13       787      788      911      487      715      
14       849      725      452      921      840      
15       477      1173     550      321      682      
16       1010     1198     775      682      612      
17       523      972      464      907      574      
18       459      908      543      300      543      
19       428      762      898      864      773      
20       312      925      1087     1034     611      
21       1157     599      606      437      983      
22       738      494      732      641      302      
23       638      597      1141     823      1063     
24       674      888      953      391      930      
25       541      1179     305      1131     495      
26       1070     1169     473      651      1026     
27       428      539      1153     1177     593      
28       504      1195     1141     586      826      
29       509      982      1097     395      754      
30       744      708      1120     456      891      
;



Table CP(j,w)    Capacidade produtiva de w em j
         1        2        3        4        5        
1        23040    23040    23040    23040    23040    
2        23040    23040    23040    23040    23040    
3        23040    23040    23040    23040    23040    
4        23040    23040    23040    23040    23040    
5        23040    23040    23040    23040    23040    
6        23040    23040    23040    23040    23040    
7        23040    23040    23040    23040    23040    
8        23040    23040    23040    23040    23040    
9        23040    23040    23040    23040    23040    
;



