sets
    j        periodos de programacao          /1*9/
    i        indice dos pedidos              /1*200/
    w        indice dos estagios produtivos  /1*7/
    ;

    Parameters

    beta
    /0.0/
    tau(i)   custo diario de atraso do pedido i
/
1	9
2	9
3	8
4	9
5	7
6	5
7	8
8	6
9	9
10	9
11	9
12	9
13	9
14	7
15	9
16	6
17	5
18	8
19	6
20	6
21	5
22	5
23	9
24	6
25	6
26	7
27	6
28	7
29	6
30	8
31	5
32	9
33	5
34	7
35	8
36	7
37	9
38	5
39	6
40	9
41	5
42	7
43	6
44	7
45	7
46	7
47	7
48	9
49	6
50	7
51	6
52	6
53	5
54	7
55	7
56	6
57	7
58	5
59	8
60	5
61	7
62	6
63	7
64	6
65	9
66	8
67	7
68	9
69	5
70	6
71	7
72	6
73	8
74	8
75	9
76	8
77	7
78	9
79	9
80	5
81	5
82	8
83	8
84	9
85	9
86	9
87	9
88	8
89	6
90	7
91	9
92	9
93	9
94	9
95	9
96	6
97	9
98	6
99	8
100	6
101	7
102	7
103	8
104	9
105	5
106	9
107	9
108	9
109	8
110	9
111	6
112	8
113	6
114	5
115	8
116	8
117	5
118	7
119	6
120	8
121	9
122	6
123	9
124	6
125	8
126	6
127	8
128	6
129	6
130	9
131	7
132	7
133	5
134	8
135	6
136	6
137	9
138	5
139	6
140	9
141	8
142	6
143	5
144	6
145	7
146	6
147	5
148	7
149	6
150	7
151	5
152	6
153	6
154	8
155	6
156	9
157	8
158	7
159	5
160	5
161	6
162	7
163	6
164	5
165	9
166	5
167	5
168	8
169	6
170	9
171	8
172	7
173	7
174	7
175	9
176	6
177	9
178	6
179	8
180	5
181	5
182	6
183	5
184	6
185	9
186	5
187	5
188	8
189	6
190	7
191	8
192	8
193	9
194	6
195	7
196	5
197	6
198	9
199	6
200	8
/

upsilon(w)       custo de operacao do setor produtivo w
/
1	8
2	8
3	4
4	7
5	3
6	6
7	8
/

d(i)     data de entrega de i
/
1	8
2	7
3	8
4	7
5	8
6	8
7	8
8	8
9	7
10	7
11	7
12	7
13	8
14	7
15	8
16	8
17	7
18	7
19	7
20	8
21	7
22	7
23	7
24	7
25	7
26	7
27	8
28	7
29	8
30	8
31	7
32	8
33	7
34	8
35	8
36	8
37	8
38	8
39	8
40	7
41	8
42	8
43	7
44	7
45	8
46	8
47	7
48	8
49	8
50	7
51	8
52	8
53	7
54	7
55	8
56	7
57	8
58	7
59	7
60	7
61	7
62	7
63	8
64	7
65	8
66	7
67	8
68	7
69	8
70	7
71	7
72	8
73	7
74	8
75	8
76	8
77	7
78	7
79	8
80	7
81	7
82	8
83	7
84	8
85	8
86	7
87	8
88	7
89	7
90	8
91	7
92	8
93	8
94	8
95	8
96	8
97	8
98	7
99	8
100	8
101	8
102	7
103	8
104	8
105	8
106	8
107	7
108	7
109	7
110	8
111	7
112	7
113	8
114	8
115	8
116	7
117	8
118	7
119	7
120	7
121	7
122	8
123	7
124	7
125	8
126	7
127	8
128	8
129	8
130	8
131	8
132	8
133	8
134	7
135	8
136	7
137	7
138	8
139	7
140	8
141	7
142	8
143	7
144	8
145	7
146	7
147	7
148	8
149	8
150	7
151	8
152	8
153	8
154	7
155	8
156	8
157	8
158	7
159	8
160	8
161	8
162	8
163	8
164	8
165	7
166	8
167	8
168	8
169	8
170	8
171	7
172	7
173	7
174	8
175	8
176	7
177	8
178	8
179	7
180	8
181	7
182	7
183	8
184	8
185	8
186	7
187	8
188	8
189	8
190	8
191	7
192	7
193	8
194	8
195	8
196	7
197	8
198	8
199	8
200	7
/
;
Table TP(i,w)    Tempo de processamento de i em w
         1        2        3        4        5        6        7        
1        669      982      805      612      573      641      1071     
2        780      462      966      1112     372      1047     713      
3        1076     1017     960      479      710      955      885      
4        392      1115     723      399      520      918      606      
5        933      882      586      1080     542      391      867      
6        301      833      1012     905      637      419      332      
7        334      1065     983      945      484      479      488      
8        985      322      880      713      734      557      359      
9        877      704      399      1002     1060     1083     304      
10       489      531      786      1005     621      1190     1178     
11       1160     803      1171     635      1157     767      817      
12       391      715      639      808      1010     542      500      
13       834      995      1163     659      732      842      1063     
14       1022     525      1180     496      964      822      823      
15       838      715      1070     566      693      1003     557      
16       1071     789      502      830      367      1088     1004     
17       752      713      415      302      963      454      946      
18       1147     859      396      910      980      803      579      
19       812      812      951      323      942      937      1070     
20       1174     640      709      990      999      348      466      
21       954      433      841      595      722      674      691      
22       385      407      1110     402      540      604      824      
23       1087     779      1073     836      932      638      699      
24       579      788      404      463      1004     1097     743      
25       907      750      348      498      378      1003     673      
26       387      359      723      1096     1090     842      1184     
27       661      497      747      642      557      341      1148     
28       899      667      1089     585      1117     952      969      
29       380      1030     996      1086     487      618      999      
30       599      563      812      901      559      1095     557      
31       805      954      1077     661      991      574      752      
32       451      1165     582      488      881      1070     974      
33       798      1056     909      1069     1013     1193     584      
34       341      825      1152     1182     679      670      319      
35       924      1127     864      412      937      994      825      
36       442      866      685      728      973      749      1032     
37       1074     661      495      489      697      436      570      
38       411      581      904      701      951      716      470      
39       473      878      707      713      958      774      339      
40       738      672      945      1086     1085     1111     904      
41       1133     955      983      427      470      533      1131     
42       955      892      773      1060     1060     328      390      
43       1048     827      551      818      1057     349      409      
44       638      735      540      1018     1089     1157     620      
45       665      558      1104     1165     1056     1129     423      
46       1177     497      365      544      510      566      846      
47       418      677      494      994      662      508      618      
48       832      969      773      879      669      454      1101     
49       580      877      1165     512      801      669      808      
50       492      857      342      1176     866      496      594      
51       905      722      736      720      583      754      835      
52       607      725      648      465      1110     1191     829      
53       1065     841      383      968      1037     1071     847      
54       821      944      613      365      775      766      1082     
55       865      1160     1166     605      378      884      1191     
56       451      1186     1068     955      396      754      413      
57       312      1013     333      677      555      558      686      
58       793      1162     570      579      935      911      739      
59       980      1015     899      740      752      939      1132     
60       813      936      362      808      528      915      761      
61       578      796      309      648      522      717      1061     
62       1128     416      349      678      567      918      991      
63       575      1036     616      825      785      539      1128     
64       1083     430      688      428      1090     726      396      
65       324      807      831      461      849      380      720      
66       602      1179     582      733      473      642      326      
67       478      656      1114     766      1017     768      501      
68       651      467      1157     540      693      1130     660      
69       636      471      854      766      978      677      1095     
70       314      730      372      966      952      676      901      
71       682      676      374      646      1153     1049     1102     
72       1029     1126     784      417      967      798      654      
73       1101     396      344      1149     443      978      485      
74       704      368      419      577      536      893      959      
75       754      331      887      601      442      371      874      
76       587      771      336      705      648      877      526      
77       636      451      909      1064     1176     772      584      
78       1069     947      632      1071     725      711      806      
79       1176     809      360      316      1160     609      957      
80       1041     872      621      962      939      745      1039     
81       448      954      470      662      618      961      950      
82       667      852      676      692      402      908      496      
83       930      380      961      560      713      1071     954      
84       370      1170     922      736      1102     324      1097     
85       396      615      848      304      474      529      1015     
86       359      921      778      509      548      805      1054     
87       1173     792      303      879      1189     615      394      
88       436      511      1163     820      948      718      802      
89       378      674      367      311      695      1129     902      
90       1191     1167     1032     1124     448      922      1011     
91       350      466      1170     1098     680      1081     752      
92       651      778      1018     577      531      662      870      
93       1121     650      353      573      632      358      1132     
94       382      820      859      819      1005     626      669      
95       868      324      384      1050     316      1151     309      
96       390      325      1098     1134     492      1057     337      
97       445      344      605      1077     371      775      708      
98       924      514      520      1184     735      834      864      
99       562      563      481      1040     707      391      769      
100      326      470      842      589      389      1047     447      
101      877      503      1020     1110     1200     865      838      
102      983      534      799      394      534      978      1015     
103      1056     978      627      845      683      1147     682      
104      787      661      892      302      335      1015     738      
105      582      539      969      1150     986      710      493      
106      362      848      340      417      509      566      943      
107      411      785      963      327      333      479      817      
108      453      577      869      1002     347      780      322      
109      990      811      412      773      1037     665      394      
110      1104     1043     1126     962      1071     874      372      
111      876      791      410      553      313      394      759      
112      1047     868      395      317      508      771      740      
113      488      751      404      545      665      1118     731      
114      1031     720      1024     688      1064     1055     420      
115      676      956      601      897      934      353      316      
116      955      797      878      1100     549      821      1053     
117      1005     407      704      994      460      885      999      
118      843      930      1172     405      761      932      693      
119      862      1063     346      496      304      307      980      
120      1027     1103     333      607      382      980      663      
121      799      367      353      436      304      874      649      
122      807      820      1053     432      515      678      1129     
123      579      808      433      782      686      389      971      
124      1155     1124     726      828      981      735      728      
125      429      801      509      695      587      954      695      
126      600      604      1148     930      495      860      1195     
127      1103     547      1049     372      904      717      913      
128      454      1053     962      613      514      523      609      
129      1087     949      666      707      457      780      380      
130      999      1006     811      1057     1102     1093     643      
131      651      1162     1084     728      454      954      873      
132      603      641      866      939      1187     683      443      
133      342      988      1073     767      536      898      458      
134      573      699      501      404      1114     357      349      
135      315      620      826      454      556      1070     563      
136      496      722      616      959      657      962      812      
137      979      789      694      776      1095     1043     585      
138      402      1003     474      522      1050     510      748      
139      601      618      790      305      826      1016     386      
140      1034     506      978      808      307      963      1096     
141      992      646      639      876      495      322      493      
142      447      1104     624      801      549      478      1010     
143      692      813      322      327      1178     529      988      
144      571      424      484      1046     773      678      967      
145      428      1008     451      982      609      905      447      
146      998      978      544      1065     392      1087     475      
147      1013     666      785      375      932      450      396      
148      989      521      655      686      332      365      417      
149      991      337      383      828      1088     726      790      
150      574      1087     1184     1068     338      466      723      
151      1049     1149     745      354      930      894      1113     
152      354      529      522      427      582      556      1149     
153      713      678      1106     1030     405      882      328      
154      318      881      1045     1186     869      541      839      
155      1046     868      435      1196     841      789      725      
156      946      546      347      668      851      380      1152     
157      866      616      1073     508      890      886      1160     
158      954      552      1178     1029     453      854      1141     
159      438      895      453      993      817      721      387      
160      898      637      912      302      1134     1051     766      
161      490      528      419      1119     584      585      812      
162      380      832      867      1142     641      621      469      
163      314      842      948      597      1070     904      1085     
164      707      759      1164     904      1048     934      810      
165      378      1149     1125     654      735      358      771      
166      509      511      888      662      1131     552      656      
167      929      668      1158     1038     927      429      713      
168      675      620      628      703      1115     1071     1042     
169      1044     648      913      1093     468      1133     1080     
170      540      898      1023     882      1058     1178     575      
171      522      344      498      1174     1125     607      519      
172      1076     624      502      479      1153     756      438      
173      670      1146     693      660      604      1182     1124     
174      610      784      910      899      985      635      1101     
175      560      941      606      362      860      1093     367      
176      416      1161     785      908      875      740      820      
177      885      815      490      859      409      476      1008     
178      771      1156     569      974      443      498      633      
179      650      304      714      477      679      663      523      
180      801      464      779      1036     528      1153     363      
181      833      615      335      900      1121     439      1172     
182      1125     1047     1123     314      580      908      1059     
183      1125     407      793      972      1054     616      1147     
184      792      355      627      880      1027     840      604      
185      925      536      618      511      763      1070     465      
186      907      766      938      309      460      903      1005     
187      345      537      957      386      788      554      817      
188      576      965      583      926      632      340      816      
189      643      425      1142     773      620      680      503      
190      1101     1048     713      648      1148     668      541      
191      1021     1066     702      717      775      308      388      
192      594      900      593      903      592      1168     596      
193      1146     803      937      829      510      311      925      
194      303      417      731      883      351      765      335      
195      372      1067     396      525      1184     458      434      
196      690      870      912      1075     973      1099     709      
197      504      1183     1155     478      1196     972      908      
198      612      494      382      1104     1100     967      605      
199      619      360      1000     816      1141     571      378      
200      1042     505      364      792      459      1170     1135     
;



Table CP(j,w)    Capacidade produtiva de w em j
         1        2        3        4        5        6        7        
1        23040    23040    23040    23040    23040    23040    23040    
2        23040    23040    23040    23040    23040    23040    23040    
3        23040    23040    23040    23040    23040    23040    23040    
4        23040    23040    23040    23040    23040    23040    23040    
5        23040    23040    23040    23040    23040    23040    23040    
6        23040    23040    23040    23040    23040    23040    23040    
7        23040    23040    23040    23040    23040    23040    23040    
8        23040    23040    23040    23040    23040    23040    23040    
9        23040    23040    23040    23040    23040    23040    23040    
;



