sets
    j        periodos de programacao          /1*9/
    i        indice dos pedidos              /1*50/
    w        indice dos estagios produtivos  /1*5/
    ;

    Parameters

    beta
    /0.0/
    tau(i)   custo diario de atraso do pedido i
/
1	9
2	6
3	7
4	7
5	8
6	7
7	9
8	8
9	7
10	8
11	9
12	7
13	6
14	9
15	9
16	6
17	5
18	7
19	7
20	7
21	7
22	9
23	8
24	6
25	6
26	9
27	9
28	6
29	8
30	9
31	9
32	5
33	9
34	6
35	5
36	6
37	8
38	8
39	8
40	6
41	6
42	6
43	9
44	9
45	7
46	6
47	6
48	5
49	8
50	7
/

upsilon(w)       custo de operacao do setor produtivo w
/
1	7
2	4
3	8
4	9
5	6
/

d(i)     data de entrega de i
/
1	6
2	8
3	7
4	8
5	6
6	5
7	8
8	5
9	5
10	7
11	5
12	8
13	7
14	6
15	8
16	8
17	7
18	5
19	5
20	8
21	7
22	7
23	5
24	7
25	5
26	6
27	8
28	5
29	7
30	8
31	7
32	8
33	5
34	7
35	7
36	7
37	7
38	6
39	6
40	5
41	6
42	7
43	8
44	8
45	8
46	5
47	5
48	7
49	5
50	8
/
;
Table TP(i,w)    Tempo de processamento de i em w
         1        2        3        4        5        
1        1172     724      415      428      870      
2        561      387      318      527      371      
3        608      508      1103     540      1117     
4        501      490      357      345      835      
5        966      1046     642      397      513      
6        846      869      1180     1168     1055     
7        487      734      712      447      968      
8        803      1167     742      888      635      
9        951      517      822      671      898      
10       481      568      466      785      871      
11       339      852      698      346      1122     
12       452      334      1026     654      969      
13       707      764      528      847      684      
14       915      542      472      750      684      
15       461      682      633      664      886      
16       778      1083     1134     1086     760      
17       1166     328      597      716      614      
18       993      1193     619      362      761      
19       1016     547      451      1158     793      
20       640      698      543      515      529      
21       1090     967      944      792      724      
22       925      551      656      872      539      
23       370      845      571      919      420      
24       1142     445      530      406      935      
25       552      397      669      706      806      
26       796      926      345      1032     844      
27       468      1165     977      401      718      
28       943      1023     528      1037     473      
29       509      539      1108     860      982      
30       1003     457      857      677      445      
31       1000     452      784      437      377      
32       937      840      1120     326      1193     
33       817      450      465      415      387      
34       1067     650      1106     713      988      
35       732      447      365      893      1043     
36       1144     469      1093     795      802      
37       902      385      1060     1104     495      
38       615      393      817      976      1152     
39       873      834      563      864      795      
40       449      962      1101     957      1052     
41       430      391      1014     1146     969      
42       1163     517      591      650      1104     
43       546      1037     326      758      1052     
44       598      350      781      608      902      
45       370      752      688      440      1070     
46       807      687      1033     371      349      
47       801      1155     605      913      1035     
48       959      337      529      1118     304      
49       1026     1130     1068     952      997      
50       560      1001     349      1118     507      
;



Table CP(j,w)    Capacidade produtiva de w em j
         1        2        3        4        5        
1        23040    23040    23040    23040    23040    
2        23040    23040    23040    23040    23040    
3        23040    23040    23040    23040    23040    
4        23040    23040    23040    23040    23040    
5        23040    23040    23040    23040    23040    
6        23040    23040    23040    23040    23040    
7        23040    23040    23040    23040    23040    
8        23040    23040    23040    23040    23040    
9        23040    23040    23040    23040    23040    
;



