sets
    j        periodos de programacao          /1*7/
    i        indice dos pedidos              /1*30/
    w        indice dos estagios produtivos  /1*5/
    ;

    Parameters

    beta
    /0.0/
    tau(i)   custo diario de atraso do pedido i
/
1	6
2	7
3	9
4	8
5	8
6	8
7	6
8	9
9	5
10	5
11	7
12	6
13	6
14	8
15	7
16	7
17	6
18	8
19	9
20	7
21	7
22	5
23	9
24	8
25	5
26	7
27	8
28	8
29	7
30	8
/

upsilon(w)       custo de operacao do setor produtivo w
/
1	1
2	9
3	1
4	8
5	6
/

d(i)     data de entrega de i
/
1	5
2	5
3	5
4	5
5	5
6	6
7	5
8	5
9	6
10	5
11	6
12	6
13	6
14	6
15	5
16	5
17	5
18	6
19	6
20	5
21	6
22	5
23	5
24	5
25	6
26	5
27	5
28	5
29	6
30	6
/
;
Table TP(i,w)    Tempo de processamento de i em w
         1        2        3        4        5        
1        1117     339      729      1162     463      
2        357      880      1026     367      1155     
3        814      1170     812      1067     1178     
4        944      1156     946      348      302      
5        353      1011     478      793      365      
6        738      986      1058     761      434      
7        1117     862      360      1097     690      
8        897      901      582      609      845      
9        450      789      606      798      788      
10       439      646      696      365      324      
11       642      567      493      580      334      
12       818      762      687      903      962      
13       639      519      310      1055     396      
14       581      390      815      668      665      
15       544      946      931      833      376      
16       839      743      719      708      920      
17       318      813      735      1061     576      
18       1199     369      529      394      342      
19       339      852      515      400      1052     
20       917      781      824      827      806      
21       1008     640      893      578      729      
22       645      902      1060     948      562      
23       384      1019     889      923      540      
24       526      393      1089     391      497      
25       557      925      827      329      1044     
26       1078     824      921      673      1133     
27       1094     384      920      381      909      
28       482      551      414      563      980      
29       659      467      762      760      819      
30       697      335      434      1042     428      
;



Table CP(j,w)    Capacidade produtiva de w em j
         1        2        3        4        5        
1        23040    23040    23040    23040    23040    
2        23040    23040    23040    23040    23040    
3        23040    23040    23040    23040    23040    
4        23040    23040    23040    23040    23040    
5        23040    23040    23040    23040    23040    
6        23040    23040    23040    23040    23040    
7        23040    23040    23040    23040    23040    
;



