sets
    j        periodos de programacao          /1*11/
    i        indice dos pedidos              /1*50/
    w        indice dos estagios produtivos  /1*7/
    ;

    Parameters

    beta
    /0.0/
    tau(i)   custo diario de atraso do pedido i
/
1	6
2	7
3	9
4	9
5	7
6	7
7	7
8	8
9	5
10	9
11	5
12	9
13	9
14	6
15	8
16	5
17	6
18	6
19	8
20	5
21	9
22	7
23	8
24	7
25	9
26	6
27	6
28	7
29	9
30	9
31	5
32	9
33	9
34	6
35	9
36	8
37	6
38	5
39	5
40	5
41	6
42	5
43	8
44	8
45	5
46	5
47	6
48	7
49	9
50	7
/

upsilon(w)       custo de operacao do setor produtivo w
/
1	4
2	8
3	9
4	1
5	9
6	2
7	3
/

d(i)     data de entrega de i
/
1	9
2	9
3	9
4	10
5	10
6	7
7	7
8	9
9	8
10	7
11	8
12	7
13	9
14	9
15	8
16	7
17	7
18	7
19	10
20	7
21	9
22	8
23	10
24	7
25	7
26	7
27	10
28	9
29	7
30	8
31	7
32	7
33	10
34	8
35	10
36	7
37	7
38	10
39	10
40	7
41	8
42	7
43	10
44	9
45	9
46	9
47	9
48	7
49	9
50	8
/
;
Table TP(i,w)    Tempo de processamento de i em w
         1        2        3        4        5        6        7        
1        490      1011     997      863      926      1005     760      
2        537      824      709      339      1027     340      1016     
3        875      947      744      506      456      1042     1164     
4        577      1179     956      326      408      870      508      
5        417      1185     458      826      1044     758      527      
6        1011     1186     565      301      403      845      361      
7        793      726      930      489      542      946      662      
8        304      860      950      1121     975      620      377      
9        741      345      588      1142     763      757      514      
10       1160     866      939      894      502      328      699      
11       855      692      583      860      358      646      999      
12       1024     655      627      1117     1157     873      690      
13       1178     339      695      921      374      1187     487      
14       564      664      1078     588      924      583      858      
15       1113     987      930      661      309      526      758      
16       1021     692      543      490      1090     864      464      
17       850      575      1083     798      862      775      1056     
18       945      660      806      615      1040     920      1082     
19       1026     533      654      483      1159     892      583      
20       960      542      411      430      495      557      486      
21       502      1060     826      1010     418      1044     1071     
22       956      669      571      682      800      514      371      
23       1148     628      748      1058     1059     445      441      
24       617      702      640      1184     862      508      483      
25       736      995      864      753      1026     952      684      
26       413      677      480      1135     791      590      476      
27       326      452      986      423      676      423      416      
28       1200     1069     655      808      703      652      762      
29       903      727      1097     1107     708      819      553      
30       1102     1035     656      596      520      630      1199     
31       1154     1021     695      1069     1031     694      931      
32       394      1014     394      882      1075     618      1099     
33       423      396      1020     528      892      940      719      
34       823      1067     743      664      492      758      954      
35       957      810      1153     791      875      946      887      
36       755      307      1122     1048     487      822      1057     
37       977      598      1033     851      331      682      978      
38       642      961      317      756      662      648      896      
39       1002     992      981      760      852      556      479      
40       979      620      856      454      1061     815      1127     
41       1197     1074     1078     835      308      845      702      
42       1026     952      819      500      1180     817      1127     
43       1086     1000     822      499      947      1111     1152     
44       400      652      974      669      566      779      566      
45       930      479      1006     1034     388      1191     1175     
46       914      1042     701      563      325      488      451      
47       839      1179     442      920      605      1192     988      
48       958      1088     869      1101     712      1178     802      
49       814      500      653      1022     1140     422      571      
50       723      649      888      967      1080     839      966      
;



Table CP(j,w)    Capacidade produtiva de w em j
         1        2        3        4        5        6        7        
1        23040    23040    23040    23040    23040    23040    23040    
2        23040    23040    23040    23040    23040    23040    23040    
3        23040    23040    23040    23040    23040    23040    23040    
4        23040    23040    23040    23040    23040    23040    23040    
5        23040    23040    23040    23040    23040    23040    23040    
6        23040    23040    23040    23040    23040    23040    23040    
7        23040    23040    23040    23040    23040    23040    23040    
8        23040    23040    23040    23040    23040    23040    23040    
9        23040    23040    23040    23040    23040    23040    23040    
10       23040    23040    23040    23040    23040    23040    23040    
11       23040    23040    23040    23040    23040    23040    23040    
;



