sets
    j        periodos de programacao          /1*7/
    i        indice dos pedidos              /1*50/
    w        indice dos estagios produtivos  /1*5/
    ;

    Parameters

    beta
    /0.0/
    tau(i)   custo diario de atraso do pedido i
/
1	9
2	5
3	8
4	5
5	5
6	6
7	8
8	6
9	5
10	6
11	8
12	8
13	5
14	8
15	9
16	9
17	6
18	6
19	8
20	7
21	6
22	9
23	9
24	7
25	6
26	6
27	6
28	7
29	7
30	9
31	7
32	6
33	5
34	5
35	9
36	8
37	6
38	6
39	9
40	8
41	8
42	6
43	7
44	6
45	8
46	7
47	8
48	8
49	8
50	7
/

upsilon(w)       custo de operacao do setor produtivo w
/
1	4
2	1
3	1
4	3
5	9
/

d(i)     data de entrega de i
/
1	5
2	6
3	5
4	6
5	5
6	6
7	6
8	6
9	5
10	6
11	6
12	5
13	6
14	6
15	5
16	5
17	6
18	5
19	5
20	6
21	5
22	5
23	5
24	5
25	5
26	5
27	5
28	6
29	6
30	6
31	6
32	5
33	5
34	5
35	5
36	5
37	6
38	5
39	6
40	6
41	5
42	6
43	6
44	5
45	6
46	6
47	6
48	6
49	5
50	6
/
;
Table TP(i,w)    Tempo de processamento de i em w
         1        2        3        4        5        
1        646      680      757      701      591      
2        1182     904      730      675      796      
3        1067     1192     983      605      1158     
4        1189     571      674      1002     1177     
5        1098     302      480      1101     561      
6        1040     482      365      808      356      
7        633      1119     1117     479      441      
8        1009     1186     940      1087     978      
9        1004     319      889      609      550      
10       379      477      903      1092     387      
11       1108     558      925      562      829      
12       860      607      606      827      359      
13       804      367      979      593      427      
14       959      625      955      817      1032     
15       347      800      665      809      439      
16       846      742      367      884      309      
17       848      639      870      982      548      
18       379      733      949      1181     504      
19       545      874      507      1046     403      
20       767      515      684      832      1162     
21       1116     452      703      806      573      
22       674      885      870      495      918      
23       727      428      459      751      1168     
24       576      651      1159     305      309      
25       1026     360      976      732      1070     
26       829      394      657      582      534      
27       707      707      738      496      521      
28       1091     521      688      312      627      
29       761      390      990      908      1069     
30       793      1023     354      971      711      
31       450      932      1175     1171     1060     
32       844      760      1118     328      884      
33       423      312      303      991      360      
34       450      1156     854      384      438      
35       395      325      553      641      754      
36       700      730      827      861      703      
37       918      1093     1117     891      1183     
38       778      803      864      843      553      
39       1032     1004     883      587      1024     
40       875      338      788      527      1018     
41       1104     930      773      651      599      
42       1127     1187     940      1009     630      
43       498      581      1180     929      518      
44       438      970      653      429      541      
45       489      546      1010     1127     314      
46       755      515      1162     789      1041     
47       1160     1042     379      961      773      
48       1159     842      951      692      1182     
49       664      614      399      445      588      
50       1089     1140     857      1158     1199     
;



Table CP(j,w)    Capacidade produtiva de w em j
         1        2        3        4        5        
1        23040    23040    23040    23040    23040    
2        23040    23040    23040    23040    23040    
3        23040    23040    23040    23040    23040    
4        23040    23040    23040    23040    23040    
5        23040    23040    23040    23040    23040    
6        23040    23040    23040    23040    23040    
7        23040    23040    23040    23040    23040    
;



