sets
    j        periodos de programacao          /1*7/
    i        indice dos pedidos              /1*30/
    w        indice dos estagios produtivos  /1*5/
    ;

    Parameters

    beta
    /0.0/
    tau(i)   custo diario de atraso do pedido i
/
1	7
2	7
3	6
4	6
5	7
6	5
7	7
8	5
9	8
10	8
11	7
12	7
13	8
14	5
15	6
16	7
17	6
18	9
19	8
20	6
21	6
22	7
23	8
24	9
25	7
26	7
27	9
28	5
29	5
30	7
/

upsilon(w)       custo de operacao do setor produtivo w
/
1	7
2	6
3	4
4	1
5	6
/

d(i)     data de entrega de i
/
1	5
2	6
3	6
4	5
5	5
6	5
7	6
8	6
9	5
10	6
11	5
12	5
13	6
14	6
15	6
16	5
17	6
18	6
19	5
20	6
21	5
22	5
23	6
24	5
25	5
26	6
27	5
28	5
29	5
30	6
/
;
Table TP(i,w)    Tempo de processamento de i em w
         1        2        3        4        5        
1        375      651      799      1186     1078     
2        813      448      699      865      888      
3        1006     752      752      938      1023     
4        979      675      635      344      335      
5        650      426      569      488      455      
6        342      415      359      805      576      
7        307      838      380      877      465      
8        313      951      817      551      322      
9        695      1152     834      575      413      
10       591      1077     406      310      564      
11       457      352      1145     1174     508      
12       349      796      1086     420      496      
13       716      750      382      674      782      
14       887      469      641      1131     801      
15       1050     833      1112     952      471      
16       557      1066     573      939      893      
17       374      406      549      778      769      
18       1006     384      977      626      978      
19       1174     528      1130     832      423      
20       554      655      558      591      653      
21       1184     829      1024     896      783      
22       917      1082     1048     395      611      
23       1031     656      918      1024     698      
24       959      497      848      366      797      
25       678      649      1198     568      924      
26       562      491      460      1191     347      
27       604      775      569      769      1016     
28       849      663      934      762      1194     
29       391      428      1113     769      544      
30       1029     931      633      1017     1139     
;



Table CP(j,w)    Capacidade produtiva de w em j
         1        2        3        4        5        
1        23040    23040    23040    23040    23040    
2        23040    23040    23040    23040    23040    
3        23040    23040    23040    23040    23040    
4        23040    23040    23040    23040    23040    
5        23040    23040    23040    23040    23040    
6        23040    23040    23040    23040    23040    
7        23040    23040    23040    23040    23040    
;



