sets
    j        periodos de programacao          /1*9/
    i        indice dos pedidos              /1*50/
    w        indice dos estagios produtivos  /1*5/
    ;

    Parameters

    beta
    /0.0/
    tau(i)   custo diario de atraso do pedido i
/
1	5
2	6
3	7
4	8
5	9
6	6
7	5
8	8
9	9
10	5
11	9
12	9
13	8
14	9
15	7
16	5
17	7
18	7
19	6
20	9
21	6
22	6
23	9
24	6
25	6
26	9
27	6
28	9
29	9
30	5
31	9
32	7
33	6
34	5
35	5
36	8
37	6
38	5
39	6
40	8
41	7
42	5
43	6
44	7
45	8
46	9
47	9
48	8
49	5
50	5
/

upsilon(w)       custo de operacao do setor produtivo w
/
1	3
2	7
3	1
4	3
5	7
/

d(i)     data de entrega de i
/
1	6
2	7
3	6
4	7
5	7
6	5
7	8
8	5
9	7
10	7
11	8
12	8
13	6
14	8
15	5
16	5
17	8
18	8
19	6
20	8
21	5
22	7
23	6
24	6
25	5
26	8
27	7
28	5
29	5
30	8
31	8
32	7
33	8
34	7
35	7
36	6
37	7
38	5
39	6
40	6
41	8
42	7
43	6
44	8
45	5
46	5
47	7
48	6
49	7
50	6
/
;
Table TP(i,w)    Tempo de processamento de i em w
         1        2        3        4        5        
1        789      480      305      1003     869      
2        631      926      1093     935      726      
3        988      364      894      1034     763      
4        518      534      404      909      1122     
5        534      969      926      662      1183     
6        549      1131     360      695      427      
7        816      334      1159     986      841      
8        574      1141     1145     986      1127     
9        377      497      1170     585      377      
10       590      806      1171     1190     1034     
11       543      564      528      812      747      
12       531      1154     621      544      644      
13       1003     669      767      817      530      
14       1177     850      541      615      1008     
15       903      619      1063     1153     714      
16       750      632      635      669      687      
17       666      961      522      1138     970      
18       359      869      1144     972      562      
19       730      880      421      942      871      
20       788      1143     846      1004     354      
21       947      1017     562      954      922      
22       1014     335      389      1079     662      
23       950      1147     730      921      934      
24       654      464      382      963      978      
25       561      956      524      1138     829      
26       308      960      592      819      759      
27       758      817      645      452      318      
28       717      1035     777      431      664      
29       1001     993      526      389      1146     
30       482      451      337      519      1191     
31       1107     394      549      393      1001     
32       431      1185     716      376      974      
33       1177     629      914      1072     590      
34       1135     628      898      900      444      
35       966      967      1098     1194     903      
36       1113     657      1075     1060     437      
37       1105     592      331      380      835      
38       943      596      1097     786      826      
39       1193     820      1129     1108     1001     
40       1045     317      918      887      717      
41       401      816      808      382      471      
42       1152     699      505      431      714      
43       447      308      862      983      499      
44       504      737      810      349      852      
45       630      1043     1012     1017     752      
46       674      986      326      487      746      
47       1128     1042     927      506      1068     
48       838      436      637      353      998      
49       352      777      525      1047     555      
50       446      1082     1166     579      614      
;



Table CP(j,w)    Capacidade produtiva de w em j
         1        2        3        4        5        
1        23040    23040    23040    23040    23040    
2        23040    23040    23040    23040    23040    
3        23040    23040    23040    23040    23040    
4        23040    23040    23040    23040    23040    
5        23040    23040    23040    23040    23040    
6        23040    23040    23040    23040    23040    
7        23040    23040    23040    23040    23040    
8        23040    23040    23040    23040    23040    
9        23040    23040    23040    23040    23040    
;



