sets
    j        periodos de programacao          /1*9/
    i        indice dos pedidos              /1*50/
    w        indice dos estagios produtivos  /1*7/
    ;

    Parameters

    beta
    /0.0/
    tau(i)   custo diario de atraso do pedido i
/
1	8
2	8
3	8
4	6
5	7
6	6
7	9
8	7
9	9
10	6
11	6
12	5
13	7
14	5
15	8
16	5
17	9
18	5
19	9
20	8
21	9
22	8
23	9
24	5
25	9
26	9
27	9
28	5
29	6
30	8
31	8
32	6
33	5
34	9
35	8
36	9
37	9
38	5
39	9
40	7
41	6
42	6
43	9
44	8
45	9
46	5
47	8
48	7
49	9
50	9
/

upsilon(w)       custo de operacao do setor produtivo w
/
1	2
2	9
3	7
4	2
5	6
6	1
7	1
/

d(i)     data de entrega de i
/
1	7
2	7
3	7
4	8
5	7
6	7
7	8
8	8
9	7
10	8
11	7
12	8
13	7
14	8
15	7
16	7
17	7
18	7
19	8
20	7
21	7
22	8
23	7
24	7
25	8
26	7
27	8
28	7
29	8
30	7
31	7
32	8
33	8
34	7
35	8
36	7
37	7
38	7
39	8
40	7
41	8
42	8
43	7
44	8
45	8
46	8
47	7
48	7
49	7
50	8
/
;
Table TP(i,w)    Tempo de processamento de i em w
         1        2        3        4        5        6        7        
1        560      936      318      364      955      680      362      
2        744      1129     541      544      863      1114     1171     
3        663      1107     624      931      376      1067     649      
4        827      1181     435      472      871      845      786      
5        553      1064     977      984      674      1014     937      
6        509      351      1075     443      879      763      444      
7        711      992      309      590      1189     636      385      
8        1016     1063     765      407      386      526      905      
9        894      911      437      572      1085     905      342      
10       750      719      1019     465      936      934      653      
11       872      578      1037     754      967      1136     961      
12       691      491      519      1119     975      611      396      
13       1026     747      707      547      766      954      585      
14       895      842      484      887      1119     964      394      
15       1128     612      335      1016     353      569      703      
16       787      1093     495      364      671      642      757      
17       1093     381      955      946      760      434      842      
18       348      905      321      769      1113     681      346      
19       965      1016     488      699      833      1104     773      
20       1097     952      616      610      1007     1004     413      
21       711      445      828      686      1056     547      949      
22       1131     1025     515      527      851      1015     833      
23       332      990      863      843      441      755      583      
24       1152     967      1111     889      1036     1085     875      
25       1063     623      726      1063     1088     610      924      
26       362      395      785      511      765      373      972      
27       618      1055     613      657      937      1053     950      
28       371      1100     824      897      870      629      777      
29       851      526      914      405      1063     1144     707      
30       1138     426      1116     433      1095     599      342      
31       355      385      1040     437      389      1126     459      
32       637      576      467      1106     690      730      450      
33       1163     1146     517      1056     440      932      390      
34       1110     980      830      872      1066     1060     1176     
35       548      325      776      844      1052     843      527      
36       865      643      948      627      637      740      524      
37       666      850      371      1173     1121     317      543      
38       454      689      610      1182     918      480      638      
39       464      560      1133     768      738      416      797      
40       1109     964      568      996      974      599      536      
41       1157     1139     705      804      1037     789      820      
42       705      1062     811      796      549      437      383      
43       402      523      676      801      351      1094     1086     
44       459      967      1001     867      557      1113     1116     
45       866      932      945      717      450      904      1024     
46       643      884      519      1012     893      430      931      
47       411      740      346      500      638      721      677      
48       411      436      602      863      388      556      534      
49       621      1192     412      587      561      901      607      
50       945      730      812      1046     777      415      1121     
;



Table CP(j,w)    Capacidade produtiva de w em j
         1        2        3        4        5        6        7        
1        23040    23040    23040    23040    23040    23040    23040    
2        23040    23040    23040    23040    23040    23040    23040    
3        23040    23040    23040    23040    23040    23040    23040    
4        23040    23040    23040    23040    23040    23040    23040    
5        23040    23040    23040    23040    23040    23040    23040    
6        23040    23040    23040    23040    23040    23040    23040    
7        23040    23040    23040    23040    23040    23040    23040    
8        23040    23040    23040    23040    23040    23040    23040    
9        23040    23040    23040    23040    23040    23040    23040    
;



