sets
    j        periodos de programacao          /1*7/
    i        indice dos pedidos              /1*30/
    w        indice dos estagios produtivos  /1*3/
    ;

    Parameters

    beta
    /0.0/
    tau(i)   custo diario de atraso do pedido i
/
1	7
2	9
3	6
4	8
5	7
6	7
7	8
8	7
9	7
10	7
11	8
12	9
13	6
14	8
15	7
16	6
17	7
18	8
19	8
20	6
21	7
22	8
23	8
24	5
25	9
26	5
27	5
28	6
29	5
30	8
/

upsilon(w)       custo de operacao do setor produtivo w
/
1	6
2	8
3	9
/

d(i)     data de entrega de i
/
1	3
2	4
3	5
4	4
5	6
6	3
7	6
8	6
9	4
10	3
11	4
12	4
13	5
14	6
15	6
16	3
17	5
18	6
19	5
20	4
21	4
22	4
23	3
24	3
25	3
26	4
27	4
28	3
29	4
30	3
/
;
Table TP(i,w)    Tempo de processamento de i em w
         1        2        3        
1        1004     1034     450      
2        780      973      760      
3        734      986      424      
4        410      571      1153     
5        315      1131     784      
6        849      515      877      
7        731      1150     1050     
8        525      549      617      
9        1132     870      1195     
10       644      374      667      
11       1197     1127     407      
12       653      523      972      
13       773      1105     833      
14       590      954      608      
15       974      409      668      
16       552      358      823      
17       823      765      607      
18       444      373      518      
19       1055     1107     638      
20       676      550      1073     
21       665      807      644      
22       618      1102     1110     
23       1121     420      596      
24       691      1147     1091     
25       607      952      899      
26       335      806      767      
27       452      1161     705      
28       612      903      549      
29       950      604      873      
30       616      706      511      
;



Table CP(j,w)    Capacidade produtiva de w em j
         1        2        3        
1        23040    23040    23040    
2        23040    23040    23040    
3        23040    23040    23040    
4        23040    23040    23040    
5        23040    23040    23040    
6        23040    23040    23040    
7        23040    23040    23040    
;



