sets
    j        periodos de programacao          /1*11/
    i        indice dos pedidos              /1*30/
    w        indice dos estagios produtivos  /1*7/
    ;

    Parameters

    beta
    /0.0/
    tau(i)   custo diario de atraso do pedido i
/
1	6
2	5
3	7
4	6
5	7
6	7
7	5
8	7
9	5
10	5
11	9
12	9
13	8
14	8
15	7
16	9
17	9
18	9
19	7
20	6
21	7
22	5
23	7
24	5
25	8
26	5
27	9
28	8
29	9
30	7
/

upsilon(w)       custo de operacao do setor produtivo w
/
1	8
2	3
3	9
4	2
5	9
6	4
7	3
/

d(i)     data de entrega de i
/
1	10
2	8
3	7
4	10
5	7
6	8
7	8
8	9
9	10
10	9
11	9
12	10
13	10
14	7
15	9
16	10
17	7
18	10
19	7
20	7
21	7
22	7
23	7
24	8
25	9
26	9
27	9
28	9
29	10
30	9
/
;
Table TP(i,w)    Tempo de processamento de i em w
         1        2        3        4        5        6        7        
1        1159     466      603      737      352      456      755      
2        536      475      1060     788      926      495      1076     
3        886      968      870      1068     308      910      1038     
4        1103     396      1092     455      1181     1072     897      
5        929      581      798      718      802      764      638      
6        549      661      1049     1078     644      1107     499      
7        614      671      555      748      531      649      538      
8        507      922      600      1119     1049     1189     903      
9        703      438      301      678      1114     998      577      
10       593      549      1179     1107     827      1008     1164     
11       434      724      887      376      1050     407      620      
12       381      516      421      830      612      695      912      
13       880      1072     735      434      494      592      426      
14       879      330      848      711      834      320      645      
15       881      1055     529      944      1190     410      903      
16       1142     840      674      523      779      676      729      
17       893      482      328      664      904      1104     1170     
18       951      777      1189     630      968      719      412      
19       368      725      511      412      888      1086     1110     
20       973      685      685      1136     1193     456      837      
21       563      812      897      421      1036     457      464      
22       749      1155     1059     981      1042     957      854      
23       1149     379      1017     1090     750      710      662      
24       818      411      561      1159     843      495      956      
25       624      1026     405      481      668      746      805      
26       1143     476      805      421      1011     768      464      
27       754      326      746      556      954      579      1174     
28       462      917      1026     418      638      1052     538      
29       718      763      1166     817      682      1116     464      
30       1092     959      834      1198     571      672      350      
;



Table CP(j,w)    Capacidade produtiva de w em j
         1        2        3        4        5        6        7        
1        23040    23040    23040    23040    23040    23040    23040    
2        23040    23040    23040    23040    23040    23040    23040    
3        23040    23040    23040    23040    23040    23040    23040    
4        23040    23040    23040    23040    23040    23040    23040    
5        23040    23040    23040    23040    23040    23040    23040    
6        23040    23040    23040    23040    23040    23040    23040    
7        23040    23040    23040    23040    23040    23040    23040    
8        23040    23040    23040    23040    23040    23040    23040    
9        23040    23040    23040    23040    23040    23040    23040    
10       23040    23040    23040    23040    23040    23040    23040    
11       23040    23040    23040    23040    23040    23040    23040    
;



