sets
    j        periodos de programacao          /1*7/
    i        indice dos pedidos              /1*30/
    w        indice dos estagios produtivos  /1*3/
    ;

    Parameters

    beta
    /0.0/
    tau(i)   custo diario de atraso do pedido i
/
1	9
2	6
3	6
4	5
5	5
6	9
7	5
8	6
9	6
10	6
11	8
12	9
13	5
14	5
15	9
16	7
17	7
18	8
19	6
20	7
21	6
22	6
23	8
24	8
25	9
26	9
27	6
28	8
29	9
30	5
/

upsilon(w)       custo de operacao do setor produtivo w
/
1	4
2	5
3	1
/

d(i)     data de entrega de i
/
1	6
2	4
3	5
4	6
5	5
6	5
7	6
8	3
9	5
10	6
11	6
12	5
13	6
14	5
15	3
16	4
17	6
18	4
19	5
20	5
21	5
22	4
23	4
24	6
25	4
26	3
27	5
28	6
29	6
30	6
/
;
Table TP(i,w)    Tempo de processamento de i em w
         1        2        3        
1        1136     1168     788      
2        760      551      709      
3        972      774      1169     
4        1061     367      916      
5        435      332      720      
6        840      955      377      
7        688      588      767      
8        638      546      971      
9        380      343      455      
10       1155     549      1090     
11       693      916      1141     
12       1179     1081     1162     
13       436      374      1049     
14       869      396      616      
15       572      973      514      
16       1016     351      1081     
17       899      706      737      
18       419      805      1193     
19       1014     486      959      
20       999      864      1015     
21       521      913      887      
22       564      646      709      
23       747      497      625      
24       522      897      572      
25       1136     804      766      
26       340      845      1128     
27       474      577      765      
28       624      1116     382      
29       316      1154     854      
30       468      829      978      
;



Table CP(j,w)    Capacidade produtiva de w em j
         1        2        3        
1        23040    23040    23040    
2        23040    23040    23040    
3        23040    23040    23040    
4        23040    23040    23040    
5        23040    23040    23040    
6        23040    23040    23040    
7        23040    23040    23040    
;



