sets
    j        periodos de programacao          /1*9/
    i        indice dos pedidos              /1*30/
    w        indice dos estagios produtivos  /1*7/
    ;

    Parameters

    beta
    /0.0/
    tau(i)   custo diario de atraso do pedido i
/
1	5
2	6
3	8
4	8
5	7
6	9
7	5
8	6
9	7
10	8
11	8
12	7
13	5
14	6
15	7
16	8
17	5
18	8
19	5
20	6
21	6
22	5
23	6
24	8
25	7
26	9
27	9
28	6
29	9
30	6
/

upsilon(w)       custo de operacao do setor produtivo w
/
1	2
2	8
3	4
4	6
5	7
6	2
7	8
/

d(i)     data de entrega de i
/
1	7
2	7
3	8
4	8
5	8
6	7
7	8
8	8
9	8
10	8
11	7
12	8
13	8
14	8
15	7
16	7
17	7
18	8
19	8
20	8
21	7
22	8
23	7
24	7
25	8
26	8
27	8
28	7
29	8
30	8
/
;
Table TP(i,w)    Tempo de processamento de i em w
         1        2        3        4        5        6        7        
1        975      1010     484      782      568      732      553      
2        1101     1026     388      1033     552      566      1070     
3        681      1079     302      359      597      812      1145     
4        751      373      835      404      450      962      1180     
5        1093     713      781      335      614      561      344      
6        803      825      703      993      653      1151     1002     
7        921      405      1084     509      414      956      981      
8        854      998      848      639      592      456      893      
9        306      621      550      865      489      1078     807      
10       665      620      393      1003     441      627      381      
11       571      711      701      330      1155     819      961      
12       1039     372      1120     408      1067     491      843      
13       484      584      434      882      722      1069     691      
14       839      1086     743      409      671      1164     944      
15       671      997      330      781      981      663      750      
16       614      810      718      636      461      766      456      
17       1074     687      679      473      588      519      729      
18       348      1177     667      1024     1140     1104     847      
19       631      878      1022     410      664      868      1082     
20       918      498      583      1142     648      965      346      
21       502      470      1020     868      915      630      314      
22       742      644      480      826      1170     908      935      
23       1114     651      886      639      788      686      851      
24       1104     707      467      432      1199     526      702      
25       339      329      820      1194     1126     432      1163     
26       446      1142     946      817      424      436      809      
27       494      565      786      1047     638      1071     1026     
28       861      1076     348      648      1108     1000     642      
29       892      386      997      780      1156     551      494      
30       696      338      406      319      845      860      958      
;



Table CP(j,w)    Capacidade produtiva de w em j
         1        2        3        4        5        6        7        
1        23040    23040    23040    23040    23040    23040    23040    
2        23040    23040    23040    23040    23040    23040    23040    
3        23040    23040    23040    23040    23040    23040    23040    
4        23040    23040    23040    23040    23040    23040    23040    
5        23040    23040    23040    23040    23040    23040    23040    
6        23040    23040    23040    23040    23040    23040    23040    
7        23040    23040    23040    23040    23040    23040    23040    
8        23040    23040    23040    23040    23040    23040    23040    
9        23040    23040    23040    23040    23040    23040    23040    
;



