sets
    j        periodos de programacao          /1*9/
    i        indice dos pedidos              /1*30/
    w        indice dos estagios produtivos  /1*7/
    ;

    Parameters

    beta
    /0.0/
    tau(i)   custo diario de atraso do pedido i
/
1	9
2	7
3	9
4	9
5	5
6	5
7	5
8	5
9	7
10	9
11	5
12	6
13	8
14	5
15	8
16	6
17	5
18	6
19	9
20	9
21	7
22	7
23	5
24	8
25	5
26	6
27	9
28	6
29	7
30	6
/

upsilon(w)       custo de operacao do setor produtivo w
/
1	7
2	5
3	4
4	5
5	8
6	4
7	9
/

d(i)     data de entrega de i
/
1	8
2	8
3	7
4	7
5	7
6	8
7	8
8	8
9	8
10	7
11	7
12	7
13	8
14	8
15	8
16	8
17	8
18	7
19	8
20	8
21	8
22	7
23	7
24	7
25	8
26	8
27	7
28	7
29	8
30	8
/
;
Table TP(i,w)    Tempo de processamento de i em w
         1        2        3        4        5        6        7        
1        411      307      927      458      364      367      1074     
2        797      1112     802      422      959      1083     911      
3        338      1106     765      501      744      699      929      
4        731      640      926      733      362      1165     507      
5        352      711      347      873      1042     1019     1152     
6        555      612      425      741      845      885      517      
7        683      550      979      810      959      954      519      
8        946      375      1163     346      1126     371      751      
9        776      1119     800      515      1070     1022     797      
10       450      1148     722      1000     768      459      818      
11       373      866      891      550      1074     765      802      
12       1162     389      430      454      576      991      745      
13       635      1192     368      989      372      1082     824      
14       677      1065     502      743      586      936      574      
15       948      551      1012     726      421      655      509      
16       633      510      706      1141     725      1005     349      
17       1153     904      820      707      678      1103     423      
18       1094     1118     766      1193     711      561      356      
19       910      530      1050     653      676      818      1052     
20       581      1093     1169     1123     983      560      454      
21       468      1189     1056     761      1000     396      585      
22       811      940      1115     1068     647      331      581      
23       610      518      609      765      494      1091     1120     
24       765      969      758      619      972      483      945      
25       959      1185     856      850      974      1115     780      
26       874      486      1078     761      919      916      778      
27       302      789      678      325      815      826      713      
28       714      854      1064     656      969      1020     339      
29       323      698      1061     502      1154     1165     837      
30       1097     1122     371      340      746      1185     692      
;



Table CP(j,w)    Capacidade produtiva de w em j
         1        2        3        4        5        6        7        
1        23040    23040    23040    23040    23040    23040    23040    
2        23040    23040    23040    23040    23040    23040    23040    
3        23040    23040    23040    23040    23040    23040    23040    
4        23040    23040    23040    23040    23040    23040    23040    
5        23040    23040    23040    23040    23040    23040    23040    
6        23040    23040    23040    23040    23040    23040    23040    
7        23040    23040    23040    23040    23040    23040    23040    
8        23040    23040    23040    23040    23040    23040    23040    
9        23040    23040    23040    23040    23040    23040    23040    
;



