sets
    j        periodos de programacao          /1*11/
    i        indice dos pedidos              /1*50/
    w        indice dos estagios produtivos  /1*7/
    ;

    Parameters

    beta
    /0.0/
    tau(i)   custo diario de atraso do pedido i
/
1	9
2	6
3	9
4	7
5	7
6	8
7	9
8	9
9	7
10	6
11	9
12	9
13	5
14	7
15	6
16	5
17	5
18	7
19	8
20	6
21	5
22	9
23	6
24	5
25	6
26	9
27	5
28	8
29	8
30	9
31	8
32	9
33	8
34	6
35	9
36	5
37	9
38	9
39	5
40	9
41	6
42	5
43	5
44	5
45	7
46	6
47	6
48	6
49	5
50	9
/

upsilon(w)       custo de operacao do setor produtivo w
/
1	6
2	7
3	4
4	7
5	7
6	3
7	5
/

d(i)     data de entrega de i
/
1	8
2	9
3	7
4	7
5	10
6	9
7	8
8	7
9	10
10	10
11	7
12	7
13	9
14	8
15	9
16	7
17	9
18	10
19	8
20	9
21	7
22	7
23	7
24	7
25	7
26	10
27	9
28	8
29	8
30	8
31	9
32	10
33	7
34	9
35	9
36	7
37	9
38	9
39	8
40	9
41	8
42	10
43	8
44	7
45	9
46	10
47	7
48	8
49	10
50	10
/
;
Table TP(i,w)    Tempo de processamento de i em w
         1        2        3        4        5        6        7        
1        1010     1084     944      738      1015     958      831      
2        913      341      399      649      1076     302      793      
3        930      1028     970      1008     516      937      345      
4        1113     760      823      1159     811      1112     1183     
5        486      1130     417      446      537      476      706      
6        847      376      411      859      528      943      609      
7        746      1155     622      1137     743      522      369      
8        1152     398      480      1134     1041     338      1197     
9        380      613      878      834      952      811      605      
10       457      1163     1168     1130     981      1134     957      
11       1156     1092     1011     386      1065     756      942      
12       674      827      1050     404      1130     594      562      
13       342      319      624      1048     711      1124     379      
14       632      325      442      1199     695      874      1004     
15       954      591      629      373      1023     976      662      
16       348      662      416      759      828      1098     1105     
17       573      761      1160     1091     872      522      527      
18       430      1177     595      782      683      1166     307      
19       436      840      616      781      807      1187     307      
20       750      436      997      315      1188     754      802      
21       548      1133     1191     642      779      519      852      
22       638      797      938      747      996      463      303      
23       621      1127     962      598      998      776      1138     
24       812      841      934      344      343      478      1171     
25       466      882      1148     999      782      1059     422      
26       648      701      990      931      1001     505      630      
27       1142     398      568      847      389      1004     1174     
28       659      912      420      430      451      343      1079     
29       846      1156     1082     486      856      686      482      
30       577      1062     426      742      858      1193     566      
31       609      1013     594      733      511      855      1007     
32       1056     339      1045     544      888      611      838      
33       427      384      921      335      960      786      1004     
34       740      389      1089     1134     799      1155     749      
35       651      307      1182     559      334      459      548      
36       677      576      691      612      704      864      776      
37       507      854      707      887      561      466      573      
38       1117     774      801      1021     984      775      420      
39       1124     709      483      1002     623      943      899      
40       645      1176     683      882      664      695      878      
41       977      1180     1129     490      355      888      1163     
42       384      756      423      495      1105     712      388      
43       736      626      1054     444      396      516      340      
44       537      406      410      1174     1180     994      886      
45       463      779      811      523      821      1138     1125     
46       373      936      647      859      1006     344      593      
47       572      852      1162     621      547      1111     560      
48       501      909      323      644      523      842      1114     
49       1194     797      689      549      730      496      372      
50       978      530      1105     951      876      896      1079     
;



Table CP(j,w)    Capacidade produtiva de w em j
         1        2        3        4        5        6        7        
1        23040    23040    23040    23040    23040    23040    23040    
2        23040    23040    23040    23040    23040    23040    23040    
3        23040    23040    23040    23040    23040    23040    23040    
4        23040    23040    23040    23040    23040    23040    23040    
5        23040    23040    23040    23040    23040    23040    23040    
6        23040    23040    23040    23040    23040    23040    23040    
7        23040    23040    23040    23040    23040    23040    23040    
8        23040    23040    23040    23040    23040    23040    23040    
9        23040    23040    23040    23040    23040    23040    23040    
10       23040    23040    23040    23040    23040    23040    23040    
11       23040    23040    23040    23040    23040    23040    23040    
;



