sets
    j        periodos de programacao          /1*9/
    i        indice dos pedidos              /1*30/
    w        indice dos estagios produtivos  /1*7/
    ;

    Parameters

    beta
    /0.0/
    tau(i)   custo diario de atraso do pedido i
/
1	6
2	8
3	7
4	9
5	7
6	7
7	9
8	9
9	8
10	7
11	7
12	5
13	8
14	5
15	6
16	8
17	8
18	7
19	5
20	9
21	7
22	9
23	6
24	6
25	8
26	7
27	6
28	6
29	6
30	8
/

upsilon(w)       custo de operacao do setor produtivo w
/
1	5
2	9
3	2
4	2
5	6
6	4
7	8
/

d(i)     data de entrega de i
/
1	8
2	8
3	7
4	8
5	8
6	7
7	7
8	8
9	7
10	8
11	7
12	8
13	7
14	8
15	8
16	8
17	8
18	7
19	8
20	8
21	8
22	7
23	8
24	8
25	8
26	8
27	7
28	8
29	8
30	8
/
;
Table TP(i,w)    Tempo de processamento de i em w
         1        2        3        4        5        6        7        
1        1094     304      1154     724      360      921      379      
2        912      1125     977      823      720      468      745      
3        525      770      776      326      786      498      346      
4        1166     509      948      994      870      518      407      
5        471      836      878      910      963      307      1037     
6        1172     570      1108     662      1007     380      343      
7        555      1087     651      1038     637      1006     856      
8        377      1154     322      386      952      572      776      
9        651      527      1040     952      432      470      1161     
10       486      575      447      382      677      477      592      
11       319      480      347      452      816      590      847      
12       634      789      1113     1043     914      326      764      
13       1105     556      903      1078     490      460      561      
14       667      788      378      519      393      475      356      
15       588      1033     483      348      577      577      507      
16       1198     353      494      1189     593      516      751      
17       725      653      883      1015     476      491      346      
18       874      475      464      919      876      1076     909      
19       714      803      435      352      837      933      774      
20       496      848      927      979      591      514      1142     
21       643      1136     447      805      897      793      781      
22       629      1116     995      1073     747      905      517      
23       1058     1006     686      596      765      1126     371      
24       352      1069     989      838      760      958      720      
25       489      683      512      639      354      462      698      
26       1033     704      350      1016     615      918      851      
27       526      664      637      470      1200     363      858      
28       983      601      599      1014     309      546      725      
29       875      312      591      958      489      666      1151     
30       1166     792      571      866      1180     602      654      
;



Table CP(j,w)    Capacidade produtiva de w em j
         1        2        3        4        5        6        7        
1        23040    23040    23040    23040    23040    23040    23040    
2        23040    23040    23040    23040    23040    23040    23040    
3        23040    23040    23040    23040    23040    23040    23040    
4        23040    23040    23040    23040    23040    23040    23040    
5        23040    23040    23040    23040    23040    23040    23040    
6        23040    23040    23040    23040    23040    23040    23040    
7        23040    23040    23040    23040    23040    23040    23040    
8        23040    23040    23040    23040    23040    23040    23040    
9        23040    23040    23040    23040    23040    23040    23040    
;



