sets
    j        periodos de programacao          /1*11/
    i        indice dos pedidos              /1*300/
    w        indice dos estagios produtivos  /1*7/
    ;

    Parameters

    beta
    /0.0/
    tau(i)   custo diario de atraso do pedido i
/
1	9
2	7
3	6
4	8
5	8
6	8
7	9
8	5
9	7
10	8
11	5
12	8
13	9
14	5
15	7
16	7
17	9
18	9
19	8
20	5
21	5
22	9
23	6
24	9
25	8
26	5
27	9
28	5
29	5
30	6
31	8
32	8
33	7
34	6
35	8
36	5
37	5
38	5
39	6
40	7
41	6
42	9
43	8
44	5
45	6
46	6
47	7
48	8
49	7
50	6
51	7
52	9
53	6
54	8
55	7
56	5
57	5
58	7
59	5
60	8
61	6
62	9
63	5
64	5
65	8
66	9
67	7
68	8
69	6
70	6
71	9
72	6
73	8
74	6
75	7
76	9
77	8
78	5
79	7
80	6
81	7
82	8
83	8
84	6
85	7
86	9
87	9
88	9
89	7
90	8
91	5
92	7
93	7
94	8
95	9
96	8
97	7
98	7
99	9
100	6
101	7
102	7
103	8
104	8
105	9
106	9
107	5
108	8
109	5
110	7
111	7
112	6
113	8
114	8
115	9
116	5
117	9
118	7
119	5
120	6
121	5
122	5
123	5
124	6
125	5
126	5
127	6
128	8
129	9
130	6
131	6
132	9
133	5
134	7
135	7
136	6
137	6
138	5
139	5
140	8
141	9
142	7
143	7
144	8
145	7
146	8
147	7
148	5
149	5
150	6
151	5
152	7
153	6
154	6
155	9
156	7
157	6
158	8
159	6
160	8
161	9
162	8
163	9
164	8
165	8
166	5
167	6
168	6
169	8
170	7
171	6
172	9
173	6
174	5
175	5
176	5
177	8
178	5
179	8
180	6
181	5
182	5
183	8
184	6
185	6
186	6
187	7
188	7
189	7
190	6
191	8
192	6
193	9
194	7
195	9
196	5
197	7
198	9
199	5
200	9
201	7
202	5
203	9
204	8
205	6
206	5
207	6
208	8
209	7
210	9
211	5
212	7
213	6
214	8
215	9
216	6
217	6
218	9
219	6
220	5
221	7
222	8
223	6
224	7
225	5
226	7
227	6
228	7
229	9
230	7
231	6
232	9
233	7
234	6
235	8
236	7
237	5
238	5
239	6
240	6
241	8
242	5
243	7
244	6
245	9
246	7
247	6
248	7
249	5
250	6
251	9
252	5
253	8
254	5
255	9
256	9
257	9
258	5
259	9
260	9
261	5
262	6
263	8
264	8
265	7
266	8
267	5
268	5
269	7
270	7
271	6
272	9
273	6
274	9
275	9
276	8
277	8
278	8
279	5
280	7
281	8
282	6
283	8
284	9
285	5
286	8
287	7
288	5
289	8
290	5
291	5
292	6
293	6
294	9
295	8
296	6
297	6
298	6
299	6
300	5
/

upsilon(w)       custo de operacao do setor produtivo w
/
1	2
2	6
3	8
4	1
5	2
6	1
7	9
/

d(i)     data de entrega de i
/
1	7
2	7
3	7
4	8
5	8
6	10
7	8
8	9
9	8
10	10
11	9
12	9
13	7
14	9
15	7
16	10
17	10
18	7
19	7
20	8
21	9
22	10
23	10
24	8
25	9
26	10
27	8
28	8
29	10
30	9
31	7
32	8
33	7
34	8
35	10
36	7
37	9
38	7
39	9
40	8
41	10
42	8
43	10
44	8
45	8
46	8
47	7
48	10
49	7
50	10
51	9
52	9
53	9
54	8
55	10
56	7
57	9
58	10
59	8
60	10
61	7
62	9
63	9
64	10
65	8
66	10
67	7
68	10
69	9
70	8
71	8
72	7
73	8
74	9
75	7
76	8
77	7
78	10
79	7
80	9
81	8
82	10
83	9
84	8
85	10
86	9
87	7
88	10
89	8
90	10
91	10
92	10
93	7
94	10
95	8
96	9
97	8
98	10
99	8
100	7
101	8
102	8
103	10
104	8
105	8
106	10
107	10
108	10
109	9
110	8
111	8
112	10
113	7
114	9
115	9
116	9
117	10
118	7
119	9
120	10
121	8
122	8
123	10
124	9
125	8
126	7
127	9
128	9
129	7
130	8
131	10
132	7
133	7
134	8
135	9
136	10
137	8
138	10
139	10
140	8
141	9
142	8
143	8
144	8
145	10
146	9
147	9
148	8
149	8
150	9
151	7
152	8
153	9
154	7
155	10
156	7
157	7
158	8
159	7
160	8
161	7
162	7
163	10
164	10
165	9
166	9
167	9
168	9
169	10
170	9
171	10
172	7
173	10
174	9
175	8
176	7
177	10
178	9
179	10
180	9
181	8
182	10
183	10
184	9
185	7
186	9
187	7
188	9
189	10
190	7
191	8
192	10
193	9
194	10
195	8
196	8
197	10
198	10
199	10
200	10
201	7
202	10
203	7
204	7
205	7
206	9
207	7
208	10
209	10
210	7
211	10
212	10
213	7
214	9
215	9
216	8
217	8
218	7
219	9
220	9
221	9
222	10
223	8
224	10
225	8
226	8
227	8
228	10
229	7
230	8
231	10
232	7
233	8
234	8
235	7
236	7
237	8
238	8
239	8
240	7
241	9
242	10
243	10
244	10
245	8
246	7
247	10
248	8
249	8
250	8
251	9
252	7
253	10
254	10
255	9
256	9
257	9
258	10
259	8
260	8
261	9
262	8
263	10
264	10
265	9
266	9
267	8
268	9
269	9
270	9
271	8
272	9
273	7
274	7
275	8
276	7
277	10
278	9
279	10
280	10
281	8
282	9
283	7
284	7
285	10
286	8
287	7
288	9
289	10
290	9
291	7
292	7
293	9
294	7
295	10
296	8
297	7
298	8
299	8
300	7
/
;
Table TP(i,w)    Tempo de processamento de i em w
         1        2        3        4        5        6        7        
1        401      689      1105     1121     1116     492      630      
2        1104     624      1146     851      1167     890      358      
3        825      543      728      498      1117     313      1023     
4        795      786      1088     528      339      998      487      
5        368      576      946      775      987      578      727      
6        605      757      669      498      755      638      306      
7        1114     420      730      495      605      1065     433      
8        457      586      790      674      1052     1199     1189     
9        1137     1082     492      1063     1044     764      840      
10       534      526      833      1014     352      637      942      
11       796      1124     1056     675      965      560      1125     
12       1153     1072     934      1130     863      1096     751      
13       470      489      939      417      736      727      1093     
14       389      678      460      314      748      835      618      
15       767      742      524      1173     900      496      934      
16       544      1123     1133     745      768      848      890      
17       617      1062     1056     575      385      969      710      
18       389      355      823      517      454      1156     786      
19       557      871      312      397      646      750      900      
20       1019     1045     390      765      616      1069     891      
21       1171     659      1036     435      951      644      880      
22       336      778      600      481      1019     350      449      
23       1013     928      754      518      638      420      610      
24       821      600      909      1040     1036     542      983      
25       666      503      792      520      353      665      1001     
26       569      507      611      605      712      897      433      
27       873      848      681      597      1200     1195     318      
28       1074     956      845      352      1176     1149     755      
29       858      1072     380      1076     709      471      947      
30       836      943      1054     1146     1074     397      345      
31       846      957      724      325      543      727      882      
32       467      1062     611      559      672      1039     1182     
33       1144     1043     398      1191     1077     373      1129     
34       369      403      306      957      508      821      835      
35       680      300      331      548      1098     812      672      
36       884      1186     329      1126     436      908      890      
37       394      960      792      1034     842      387      707      
38       581      370      1043     830      795      886      1158     
39       989      808      1114     416      336      809      1047     
40       670      1169     708      688      603      470      571      
41       897      1068     1156     706      797      1126     1155     
42       458      652      372      1132     633      1180     693      
43       1127     417      577      603      497      1090     974      
44       576      671      1017     430      769      455      1053     
45       382      468      655      973      784      1183     701      
46       831      800      853      499      901      942      699      
47       320      609      777      876      609      1180     1017     
48       1021     435      1077     702      1097     1030     723      
49       666      460      609      314      671      1014     519      
50       442      310      526      796      927      908      838      
51       954      563      354      823      906      973      861      
52       338      865      861      561      339      513      743      
53       486      497      808      468      1057     1021     309      
54       423      476      555      770      395      560      871      
55       527      659      765      302      629      629      1098     
56       435      481      1187     532      967      1096     344      
57       991      968      966      1022     350      633      449      
58       751      853      1154     868      1195     746      346      
59       1192     1124     428      798      909      659      849      
60       1167     551      701      748      330      1049     927      
61       878      845      747      940      732      1186     637      
62       366      520      804      1142     511      602      312      
63       898      977      938      714      722      1161     674      
64       516      1079     742      1106     1160     603      792      
65       957      899      427      612      395      622      1112     
66       1001     391      1154     982      615      756      1088     
67       687      968      818      1059     646      509      1071     
68       422      805      940      511      510      1072     571      
69       913      642      1059     702      1147     1042     978      
70       1020     412      1197     703      879      543      527      
71       1170     1121     793      781      640      382      669      
72       868      630      358      1196     684      491      1152     
73       876      1200     954      714      598      985      887      
74       803      703      910      545      829      434      372      
75       507      1122     635      1174     1074     776      414      
76       705      761      394      767      639      598      523      
77       932      512      460      877      352      842      892      
78       1179     601      317      404      941      427      560      
79       347      448      328      404      935      454      938      
80       949      506      481      1022     719      627      634      
81       615      783      848      1189     1147     591      489      
82       381      1030     377      845      480      988      354      
83       1032     678      1148     1098     603      729      512      
84       684      479      380      413      1171     990      353      
85       541      917      848      709      583      1011     714      
86       986      635      878      974      1033     874      1155     
87       930      525      558      1129     345      304      1188     
88       453      729      1076     512      464      349      394      
89       1053     772      469      484      525      935      861      
90       1163     759      989      449      844      818      564      
91       805      974      657      470      969      353      808      
92       1057     854      567      521      445      999      962      
93       945      899      922      1034     924      812      1065     
94       1160     699      1020     1027     580      1007     848      
95       1033     764      541      460      460      1164     835      
96       588      1008     788      787      601      844      552      
97       918      732      1065     492      458      457      791      
98       956      988      901      588      644      741      714      
99       409      855      868      675      484      514      925      
100      556      753      782      1115     835      553      718      
101      1107     748      769      354      667      720      939      
102      506      832      738      903      332      706      561      
103      546      736      1190     600      950      708      925      
104      488      1016     787      317      958      954      389      
105      776      857      828      991      610      526      666      
106      643      756      332      1079     434      480      1191     
107      1055     754      807      602      380      508      1045     
108      504      905      1124     539      1074     1058     1127     
109      869      936      762      929      457      1074     861      
110      864      1111     647      305      1030     587      479      
111      740      483      938      389      839      803      1132     
112      957      642      1016     813      838      541      706      
113      838      495      833      1123     783      694      363      
114      1117     1067     1055     1034     873      1041     789      
115      353      1014     430      1005     990      1103     434      
116      540      550      401      1035     708      1146     740      
117      1108     1164     721      983      763      1125     478      
118      971      842      731      500      644      1058     628      
119      451      681      788      1117     632      741      510      
120      487      956      336      793      926      666      308      
121      610      326      892      1085     680      959      797      
122      891      936      563      753      1095     568      522      
123      1009     416      380      760      955      542      1093     
124      705      896      711      667      610      387      524      
125      707      1033     1197     1112     801      1053     1182     
126      737      970      414      424      1040     893      540      
127      347      322      874      1176     919      526      1067     
128      1195     331      921      850      953      749      640      
129      810      382      735      998      387      1125     1023     
130      819      893      483      1184     583      1078     495      
131      1093     352      1025     442      1078     532      524      
132      916      885      431      924      490      424      787      
133      1196     997      642      576      860      522      1016     
134      930      460      656      715      942      721      1162     
135      548      1193     685      384      978      629      745      
136      1144     544      678      703      390      675      831      
137      675      682      839      1159     1128     692      529      
138      885      810      1182     384      749      415      560      
139      441      467      1077     837      557      889      525      
140      883      586      456      915      405      367      790      
141      669      1087     968      500      731      1072     1042     
142      1185     818      412      1068     1194     1090     636      
143      974      736      806      1154     417      411      1126     
144      553      352      608      840      881      631      878      
145      509      414      733      945      330      632      624      
146      926      515      875      816      848      964      516      
147      354      708      548      477      406      698      1198     
148      998      1188     964      1183     911      742      724      
149      1066     1196     795      914      867      611      390      
150      801      554      558      668      1145     451      804      
151      398      947      1174     845      301      509      1146     
152      1015     1096     330      430      486      348      858      
153      583      865      1198     1196     573      1047     450      
154      1008     587      354      983      743      1088     905      
155      987      356      754      1152     966      1042     417      
156      1086     432      844      342      604      657      1197     
157      749      1059     523      690      581      1043     863      
158      1084     1150     592      1075     902      519      772      
159      811      779      387      741      802      620      340      
160      352      1141     996      463      699      1005     791      
161      337      999      339      641      365      1152     313      
162      769      799      681      848      760      883      544      
163      497      382      801      1166     1066     790      994      
164      545      380      788      581      594      824      1186     
165      1124     776      1097     1053     816      681      807      
166      673      1124     1194     698      1153     1072     463      
167      345      344      617      661      860      925      726      
168      803      914      641      483      373      477      781      
169      576      651      997      774      473      999      1003     
170      538      584      1056     898      471      1131     622      
171      324      380      850      876      573      1028     862      
172      434      715      533      504      1115     680      893      
173      953      613      500      366      883      1046     580      
174      501      592      976      326      438      851      664      
175      306      1037     766      379      590      1131     524      
176      419      357      551      378      1097     1061     1072     
177      937      534      1125     719      812      468      1106     
178      1139     1162     388      631      447      620      494      
179      366      1164     958      1164     892      472      759      
180      462      300      412      1197     1024     1036     945      
181      774      713      1048     824      1112     994      339      
182      408      847      538      944      886      484      526      
183      592      861      840      969      598      494      1023     
184      409      1116     655      518      410      478      472      
185      357      304      975      613      838      339      1040     
186      1197     408      396      666      878      1139     316      
187      1162     679      866      1040     1199     794      487      
188      959      432      1137     990      1083     707      850      
189      1164     744      416      758      554      660      967      
190      727      845      673      873      959      806      1051     
191      373      380      926      961      1074     373      355      
192      619      758      1151     302      736      932      1016     
193      381      815      521      1135     1074     1092     1081     
194      466      590      575      491      662      742      845      
195      611      1140     778      726      587      613      765      
196      311      1155     379      515      445      977      419      
197      584      693      1178     795      1083     762      947      
198      951      430      546      676      707      533      461      
199      1192     676      795      592      582      1158     891      
200      773      829      1198     845      992      1027     627      
201      1158     1129     535      1177     438      622      578      
202      577      907      1035     894      584      762      884      
203      320      940      1058     984      402      512      493      
204      775      453      866      489      644      380      902      
205      790      607      995      876      1087     504      1080     
206      1008     499      356      638      419      796      511      
207      903      335      812      825      690      647      1000     
208      459      559      774      378      796      484      538      
209      381      303      409      534      386      691      372      
210      300      545      798      1097     899      497      1171     
211      329      583      1154     848      354      1044     707      
212      580      960      1166     1143     948      697      558      
213      570      809      977      1047     1129     470      649      
214      796      1195     915      909      816      556      667      
215      771      479      695      700      313      833      757      
216      1054     364      1085     362      454      334      337      
217      1174     643      390      494      910      804      342      
218      733      775      482      929      334      309      491      
219      645      673      945      858      500      370      523      
220      1196     813      448      1051     1177     1048     661      
221      788      625      566      886      1144     457      1027     
222      1023     768      1086     447      727      877      575      
223      1059     1127     580      784      1051     914      419      
224      326      1053     339      748      1125     1196     896      
225      701      374      859      410      1146     319      693      
226      1191     405      738      315      443      1122     461      
227      671      1051     851      859      818      395      544      
228      446      613      641      633      723      928      1071     
229      1058     716      689      1180     517      687      729      
230      811      846      337      892      796      602      1154     
231      1010     737      562      370      801      616      1190     
232      964      882      687      979      948      411      892      
233      769      1196     301      578      792      540      445      
234      1191     499      354      784      1176     543      563      
235      1137     979      995      310      905      450      685      
236      333      1024     969      409      443      822      710      
237      896      819      731      657      406      692      1009     
238      711      710      356      964      593      414      399      
239      963      649      668      958      1093     693      347      
240      572      426      621      697      489      976      861      
241      964      670      1109     1105     1196     1122     776      
242      806      892      741      1001     335      991      978      
243      466      1024     518      326      861      316      946      
244      743      1187     606      429      888      1196     656      
245      974      370      856      544      919      1189     438      
246      526      729      771      353      507      650      891      
247      761      582      535      980      810      937      941      
248      732      698      395      1185     1107     457      1022     
249      472      405      417      907      449      1192     1024     
250      1104     518      715      472      622      332      1175     
251      391      878      578      820      1157     694      341      
252      511      517      916      1110     660      996      443      
253      354      1147     884      312      781      949      1199     
254      516      574      712      859      844      376      482      
255      722      689      1096     303      713      667      1093     
256      1141     593      444      578      906      938      863      
257      518      889      733      333      693      577      870      
258      684      769      311      1172     707      614      414      
259      419      643      826      873      1095     692      370      
260      1038     504      955      335      479      1128     986      
261      672      529      1110     503      1072     489      666      
262      948      1074     386      960      1116     1106     974      
263      788      513      1146     554      883      340      907      
264      741      396      1180     947      334      897      934      
265      339      594      533      1166     646      672      573      
266      376      373      756      501      455      634      336      
267      1105     862      909      702      740      889      918      
268      390      748      1182     794      795      527      356      
269      383      654      423      939      510      581      878      
270      464      791      1025     446      731      1154     486      
271      426      470      791      526      562      1142     838      
272      779      311      615      345      987      1102     959      
273      709      364      921      587      1117     580      396      
274      410      726      674      853      866      559      818      
275      383      566      457      604      571      848      1159     
276      726      403      1098     348      607      447      622      
277      821      637      939      371      620      1124     951      
278      1163     660      338      844      367      981      872      
279      411      525      717      825      851      1131     989      
280      789      328      1182     664      1105     747      1038     
281      675      439      826      684      513      1042     859      
282      1000     800      1159     1024     1115     1172     1130     
283      362      612      927      929      483      466      925      
284      719      1182     634      1141     469      475      633      
285      408      1030     601      1197     1142     793      1005     
286      1013     540      795      1083     836      423      1125     
287      1135     522      856      580      761      441      587      
288      1004     1190     563      970      432      780      394      
289      1052     543      708      585      675      1127     330      
290      717      895      649      1112     1066     772      1040     
291      950      979      828      472      1102     664      560      
292      440      635      842      1070     559      960      937      
293      941      829      992      382      792      687      876      
294      1072     1006     794      689      1039     1181     989      
295      301      699      767      749      552      616      304      
296      1026     540      1188     563      863      910      504      
297      447      1071     507      934      705      643      798      
298      1128     512      719      745      1038     550      539      
299      1025     529      805      811      1036     366      1038     
300      1058     629      490      1079     653      768      891      
;



Table CP(j,w)    Capacidade produtiva de w em j
         1        2        3        4        5        6        7        
1        23040    23040    23040    23040    23040    23040    23040    
2        23040    23040    23040    23040    23040    23040    23040    
3        23040    23040    23040    23040    23040    23040    23040    
4        23040    23040    23040    23040    23040    23040    23040    
5        23040    23040    23040    23040    23040    23040    23040    
6        23040    23040    23040    23040    23040    23040    23040    
7        23040    23040    23040    23040    23040    23040    23040    
8        23040    23040    23040    23040    23040    23040    23040    
9        23040    23040    23040    23040    23040    23040    23040    
10       23040    23040    23040    23040    23040    23040    23040    
11       23040    23040    23040    23040    23040    23040    23040    
;



