sets
    j        periodos de programacao          /1*11/
    i        indice dos pedidos              /1*50/
    w        indice dos estagios produtivos  /1*7/
    ;

    Parameters

    beta
    /0.0/
    tau(i)   custo diario de atraso do pedido i
/
1	5
2	9
3	8
4	7
5	8
6	8
7	5
8	7
9	6
10	5
11	9
12	6
13	9
14	7
15	9
16	6
17	7
18	9
19	6
20	5
21	5
22	9
23	7
24	9
25	8
26	9
27	6
28	9
29	7
30	9
31	9
32	5
33	6
34	5
35	7
36	9
37	6
38	9
39	6
40	8
41	6
42	7
43	5
44	9
45	5
46	5
47	9
48	6
49	6
50	5
/

upsilon(w)       custo de operacao do setor produtivo w
/
1	1
2	3
3	9
4	3
5	4
6	5
7	8
/

d(i)     data de entrega de i
/
1	7
2	10
3	10
4	10
5	7
6	8
7	8
8	10
9	10
10	7
11	10
12	10
13	7
14	10
15	8
16	9
17	10
18	10
19	9
20	8
21	8
22	8
23	8
24	7
25	7
26	10
27	8
28	8
29	10
30	8
31	8
32	7
33	9
34	7
35	9
36	9
37	8
38	9
39	9
40	10
41	8
42	7
43	10
44	7
45	7
46	7
47	9
48	10
49	8
50	10
/
;
Table TP(i,w)    Tempo de processamento de i em w
         1        2        3        4        5        6        7        
1        987      548      335      1101     582      865      1003     
2        968      509      598      357      449      1050     1035     
3        570      477      606      590      512      444      688      
4        1138     490      747      709      744      1094     694      
5        585      307      1040     300      955      647      1148     
6        1099     513      1086     741      785      530      489      
7        873      407      1093     1194     1052     743      844      
8        1004     945      943      1147     356      965      643      
9        1067     739      327      361      741      817      558      
10       647      945      571      808      1015     493      340      
11       589      547      363      1031     1017     786      1165     
12       336      902      885      1162     1192     387      662      
13       740      390      692      1068     893      1036     909      
14       354      956      906      625      790      463      707      
15       443      443      730      991      706      314      978      
16       927      365      616      852      1017     1069     636      
17       845      806      467      607      600      1132     445      
18       1188     1117     305      778      855      522      498      
19       487      1122     1168     314      378      329      367      
20       1110     578      553      323      694      1182     536      
21       685      734      911      848      477      1199     943      
22       729      378      698      627      826      793      378      
23       841      712      1036     333      1104     542      964      
24       1073     835      1128     949      379      1000     316      
25       1143     706      715      1062     327      1189     1147     
26       870      529      781      779      636      983      524      
27       320      969      1150     563      516      583      738      
28       1108     665      939      566      1182     649      532      
29       538      451      782      339      708      528      557      
30       592      682      619      391      715      934      562      
31       887      709      950      788      604      747      356      
32       847      1051     1050     356      1013     1094     804      
33       670      697      540      1131     672      893      1020     
34       672      517      646      1019     886      416      430      
35       464      1169     1111     807      828      648      339      
36       831      468      1116     367      866      872      883      
37       1009     451      1151     642      525      844      1187     
38       707      545      380      1195     869      674      893      
39       638      767      441      958      661      797      1071     
40       380      300      645      690      403      983      1012     
41       314      933      366      840      950      1142     410      
42       800      1075     736      643      688      540      858      
43       342      474      460      582      465      962      544      
44       410      1096     834      603      967      311      657      
45       835      1153     1084     751      411      890      854      
46       596      933      665      714      951      332      480      
47       439      716      410      306      836      738      796      
48       1052     690      1094     1117     361      607      967      
49       632      843      1101     516      762      956      693      
50       518      711      580      749      1134     1029     613      
;



Table CP(j,w)    Capacidade produtiva de w em j
         1        2        3        4        5        6        7        
1        23040    23040    23040    23040    23040    23040    23040    
2        23040    23040    23040    23040    23040    23040    23040    
3        23040    23040    23040    23040    23040    23040    23040    
4        23040    23040    23040    23040    23040    23040    23040    
5        23040    23040    23040    23040    23040    23040    23040    
6        23040    23040    23040    23040    23040    23040    23040    
7        23040    23040    23040    23040    23040    23040    23040    
8        23040    23040    23040    23040    23040    23040    23040    
9        23040    23040    23040    23040    23040    23040    23040    
10       23040    23040    23040    23040    23040    23040    23040    
11       23040    23040    23040    23040    23040    23040    23040    
;



