sets
    j        periodos de programacao          /1*11/
    i        indice dos pedidos              /1*50/
    w        indice dos estagios produtivos  /1*7/
    ;

    Parameters

    beta
    /0.0/
    tau(i)   custo diario de atraso do pedido i
/
1	7
2	8
3	8
4	8
5	9
6	5
7	9
8	6
9	6
10	6
11	8
12	8
13	7
14	8
15	8
16	7
17	8
18	8
19	9
20	9
21	8
22	9
23	9
24	7
25	9
26	5
27	6
28	6
29	5
30	5
31	6
32	7
33	7
34	7
35	7
36	6
37	7
38	7
39	7
40	9
41	7
42	6
43	5
44	8
45	8
46	9
47	5
48	9
49	9
50	6
/

upsilon(w)       custo de operacao do setor produtivo w
/
1	9
2	4
3	4
4	9
5	4
6	7
7	2
/

d(i)     data de entrega de i
/
1	9
2	9
3	7
4	7
5	9
6	9
7	8
8	10
9	8
10	7
11	7
12	8
13	9
14	7
15	10
16	10
17	8
18	8
19	10
20	8
21	9
22	7
23	9
24	10
25	9
26	10
27	7
28	10
29	9
30	7
31	7
32	8
33	10
34	9
35	9
36	10
37	8
38	8
39	10
40	8
41	7
42	10
43	7
44	8
45	9
46	8
47	9
48	7
49	10
50	9
/
;
Table TP(i,w)    Tempo de processamento de i em w
         1        2        3        4        5        6        7        
1        616      571      1101     508      446      640      1117     
2        508      454      676      966      753      937      465      
3        397      427      1036     953      843      556      503      
4        725      333      1093     438      1028     1171     993      
5        360      576      578      842      866      620      306      
6        689      637      561      571      430      466      704      
7        334      497      891      1004     579      675      1023     
8        974      1145     877      700      855      755      639      
9        665      522      633      776      726      702      405      
10       791      1132     327      622      1073     373      436      
11       581      405      1190     516      480      1081     775      
12       890      662      522      1003     335      959      1085     
13       781      761      1057     720      1016     1196     475      
14       398      1099     690      902      747      737      722      
15       930      1009     602      414      674      422      340      
16       824      1148     947      471      475      944      411      
17       1065     444      997      442      1125     1109     496      
18       656      822      864      627      1055     620      620      
19       662      819      1171     889      723      1186     990      
20       318      870      532      650      1045     592      353      
21       1161     1059     483      611      638      978      614      
22       316      809      804      317      1169     528      501      
23       580      567      527      397      744      412      580      
24       495      970      1032     536      947      906      624      
25       543      788      1166     745      440      731      718      
26       738      1161     369      620      1074     470      839      
27       897      737      1089     349      1152     1001     441      
28       1137     1187     681      960      458      833      1092     
29       1015     943      1033     613      433      561      470      
30       903      366      981      1069     1010     510      1116     
31       1085     339      350      555      967      735      884      
32       650      341      572      359      1036     680      1165     
33       1144     427      737      515      383      330      319      
34       964      358      942      453      839      635      429      
35       389      769      603      1191     981      1066     686      
36       952      1194     592      315      685      1092     937      
37       582      618      749      469      438      424      1138     
38       1085     328      531      794      1186     1083     532      
39       637      828      1039     1127     338      381      316      
40       351      762      591      693      920      487      400      
41       522      761      1151     705      1175     874      632      
42       674      352      373      1123     1003     481      1137     
43       836      1159     611      1096     855      341      324      
44       378      360      1071     857      612      602      704      
45       504      610      553      1172     752      519      1140     
46       623      755      1077     526      354      673      1026     
47       929      1025     949      517      564      1134     1028     
48       638      1107     846      426      463      1083     458      
49       488      575      621      1198     964      922      1166     
50       387      655      315      864      899      1019     386      
;



Table CP(j,w)    Capacidade produtiva de w em j
         1        2        3        4        5        6        7        
1        23040    23040    23040    23040    23040    23040    23040    
2        23040    23040    23040    23040    23040    23040    23040    
3        23040    23040    23040    23040    23040    23040    23040    
4        23040    23040    23040    23040    23040    23040    23040    
5        23040    23040    23040    23040    23040    23040    23040    
6        23040    23040    23040    23040    23040    23040    23040    
7        23040    23040    23040    23040    23040    23040    23040    
8        23040    23040    23040    23040    23040    23040    23040    
9        23040    23040    23040    23040    23040    23040    23040    
10       23040    23040    23040    23040    23040    23040    23040    
11       23040    23040    23040    23040    23040    23040    23040    
;



