sets
    j        periodos de programacao          /1*9/
    i        indice dos pedidos              /1*50/
    w        indice dos estagios produtivos  /1*7/
    ;

    Parameters

    beta
    /0.0/
    tau(i)   custo diario de atraso do pedido i
/
1	9
2	7
3	5
4	7
5	9
6	6
7	6
8	6
9	8
10	5
11	5
12	9
13	6
14	7
15	6
16	8
17	5
18	6
19	7
20	6
21	5
22	9
23	6
24	7
25	7
26	8
27	5
28	9
29	9
30	6
31	6
32	9
33	9
34	9
35	5
36	5
37	9
38	5
39	8
40	6
41	6
42	7
43	7
44	7
45	6
46	9
47	5
48	6
49	8
50	8
/

upsilon(w)       custo de operacao do setor produtivo w
/
1	8
2	6
3	3
4	2
5	6
6	4
7	1
/

d(i)     data de entrega de i
/
1	8
2	7
3	8
4	7
5	7
6	8
7	7
8	8
9	8
10	8
11	7
12	7
13	7
14	8
15	7
16	7
17	8
18	8
19	8
20	7
21	7
22	8
23	7
24	7
25	7
26	8
27	7
28	8
29	8
30	8
31	7
32	8
33	7
34	8
35	8
36	8
37	8
38	8
39	7
40	7
41	7
42	8
43	7
44	7
45	7
46	8
47	7
48	8
49	8
50	8
/
;
Table TP(i,w)    Tempo de processamento de i em w
         1        2        3        4        5        6        7        
1        773      873      416      1007     351      928      774      
2        730      868      688      540      307      967      1080     
3        923      818      806      1158     1124     457      492      
4        554      468      1062     428      858      388      963      
5        610      817      1045     792      1001     589      1093     
6        502      536      1191     986      854      534      562      
7        619      922      424      611      779      1145     664      
8        1123     1027     816      395      940      950      1143     
9        873      467      968      776      782      1080     918      
10       975      1005     406      436      642      526      951      
11       586      719      369      539      849      953      483      
12       814      1036     791      979      979      756      403      
13       736      1099     651      928      881      879      1045     
14       1089     974      759      1078     563      608      626      
15       538      574      815      1100     481      478      1157     
16       1080     424      471      1096     488      454      466      
17       1111     1198     533      1066     404      353      808      
18       995      344      1164     700      1031     1046     502      
19       818      912      874      523      966      1044     580      
20       1000     776      546      564      390      649      619      
21       1022     417      1153     470      581      425      309      
22       661      1030     874      1003     1085     614      730      
23       851      947      1136     837      439      947      1006     
24       706      355      329      1194     445      937      470      
25       660      344      1024     418      382      694      623      
26       833      904      570      756      422      813      572      
27       1068     1087     962      682      969      695      496      
28       1179     1028     336      935      721      575      787      
29       458      771      363      1027     493      595      927      
30       1014     989      1143     529      1075     439      723      
31       1048     1187     306      824      1000     1133     681      
32       1198     1026     992      694      918      1065     333      
33       717      602      935      533      688      625      800      
34       486      1026     1097     1161     1036     854      677      
35       1178     462      818      431      920      443      501      
36       624      1036     611      810      741      897      346      
37       531      626      685      1174     444      1011     346      
38       716      564      360      543      957      447      661      
39       703      438      1010     1181     968      900      704      
40       526      645      826      885      552      1192     1166     
41       872      621      1164     1129     1150     654      447      
42       790      327      403      461      351      1019     1028     
43       654      779      443      602      550      1047     850      
44       888      339      603      679      768      332      992      
45       649      977      740      619      722      323      849      
46       891      353      578      386      816      860      877      
47       1015     468      1056     676      1181     833      372      
48       743      433      614      987      1095     1063     1040     
49       471      601      432      321      419      848      711      
50       686      686      305      1132     361      364      1006     
;



Table CP(j,w)    Capacidade produtiva de w em j
         1        2        3        4        5        6        7        
1        23040    23040    23040    23040    23040    23040    23040    
2        23040    23040    23040    23040    23040    23040    23040    
3        23040    23040    23040    23040    23040    23040    23040    
4        23040    23040    23040    23040    23040    23040    23040    
5        23040    23040    23040    23040    23040    23040    23040    
6        23040    23040    23040    23040    23040    23040    23040    
7        23040    23040    23040    23040    23040    23040    23040    
8        23040    23040    23040    23040    23040    23040    23040    
9        23040    23040    23040    23040    23040    23040    23040    
;



