sets
    j        periodos de programacao          /1*5/
    i        indice dos pedidos              /1*50/
    w        indice dos estagios produtivos  /1*3/
    ;

    Parameters

    beta
    /0.0/
    tau(i)   custo diario de atraso do pedido i
/
1	5
2	5
3	9
4	7
5	7
6	5
7	9
8	9
9	9
10	8
11	6
12	7
13	6
14	5
15	8
16	5
17	8
18	7
19	5
20	6
21	6
22	9
23	7
24	6
25	8
26	9
27	9
28	6
29	7
30	7
31	7
32	9
33	6
34	5
35	8
36	8
37	5
38	9
39	9
40	8
41	6
42	8
43	5
44	6
45	7
46	6
47	9
48	6
49	6
50	8
/

upsilon(w)       custo de operacao do setor produtivo w
/
1	3
2	3
3	8
/

d(i)     data de entrega de i
/
1	3
2	3
3	3
4	3
5	4
6	3
7	4
8	3
9	3
10	4
11	4
12	4
13	3
14	3
15	4
16	4
17	3
18	4
19	3
20	3
21	4
22	4
23	4
24	3
25	4
26	4
27	4
28	3
29	4
30	3
31	3
32	3
33	4
34	3
35	4
36	3
37	3
38	3
39	3
40	4
41	3
42	4
43	3
44	4
45	4
46	4
47	4
48	4
49	4
50	3
/
;
Table TP(i,w)    Tempo de processamento de i em w
         1        2        3        
1        332      586      999      
2        800      1115     743      
3        1004     730      731      
4        311      952      1139     
5        486      1182     675      
6        1022     1133     365      
7        554      993      1143     
8        1185     407      889      
9        615      514      877      
10       527      743      388      
11       303      1164     343      
12       824      345      536      
13       677      668      1117     
14       1012     337      328      
15       1083     589      792      
16       485      318      726      
17       946      435      872      
18       498      395      1119     
19       315      1027     559      
20       1023     431      318      
21       793      1000     488      
22       628      840      986      
23       693      1115     678      
24       926      589      919      
25       475      546      582      
26       962      404      701      
27       1169     748      317      
28       947      900      850      
29       726      1069     464      
30       1110     456      773      
31       988      963      387      
32       836      341      978      
33       355      384      1166     
34       1117     1133     562      
35       1092     1196     438      
36       1182     1171     1161     
37       1088     459      728      
38       1117     491      713      
39       1123     340      831      
40       1052     811      720      
41       353      735      548      
42       853      805      1161     
43       342      331      989      
44       1158     1122     678      
45       448      646      322      
46       1149     754      621      
47       1067     509      1191     
48       934      839      626      
49       1200     803      497      
50       856      457      981      
;



Table CP(j,w)    Capacidade produtiva de w em j
         1        2        3        
1        23040    23040    23040    
2        23040    23040    23040    
3        23040    23040    23040    
4        23040    23040    23040    
5        23040    23040    23040    
;



