sets
    j        periodos de programacao          /1*9/
    i        indice dos pedidos              /1*50/
    w        indice dos estagios produtivos  /1*7/
    ;

    Parameters

    beta
    /0.0/
    tau(i)   custo diario de atraso do pedido i
/
1	5
2	8
3	7
4	5
5	9
6	5
7	5
8	5
9	9
10	8
11	5
12	5
13	9
14	8
15	5
16	9
17	5
18	6
19	5
20	7
21	5
22	8
23	6
24	8
25	8
26	9
27	9
28	7
29	9
30	8
31	8
32	7
33	6
34	6
35	5
36	7
37	8
38	9
39	6
40	5
41	9
42	7
43	9
44	6
45	7
46	9
47	9
48	5
49	5
50	7
/

upsilon(w)       custo de operacao do setor produtivo w
/
1	6
2	5
3	5
4	6
5	5
6	9
7	3
/

d(i)     data de entrega de i
/
1	8
2	7
3	7
4	7
5	7
6	7
7	8
8	7
9	7
10	8
11	8
12	7
13	7
14	7
15	8
16	7
17	8
18	8
19	8
20	8
21	7
22	8
23	8
24	7
25	8
26	8
27	7
28	8
29	8
30	7
31	8
32	8
33	8
34	7
35	8
36	8
37	7
38	8
39	7
40	7
41	8
42	7
43	8
44	8
45	8
46	8
47	7
48	8
49	7
50	7
/
;
Table TP(i,w)    Tempo de processamento de i em w
         1        2        3        4        5        6        7        
1        347      1057     945      1089     556      315      474      
2        546      595      464      350      928      1053     320      
3        926      904      436      750      545      692      818      
4        1098     340      1032     1066     788      966      416      
5        905      706      392      721      895      1175     476      
6        822      407      384      536      407      635      701      
7        403      748      670      1048     520      1161     948      
8        779      1108     717      820      688      553      910      
9        1017     790      1070     555      552      326      866      
10       472      805      965      686      1013     583      373      
11       540      1053     949      731      1134     646      1068     
12       534      861      533      1085     330      447      678      
13       735      527      313      698      916      419      521      
14       1026     845      1197     498      578      972      1013     
15       625      840      1104     927      390      387      658      
16       402      529      937      525      740      431      892      
17       545      512      343      392      1105     368      348      
18       702      670      838      554      816      638      430      
19       1116     526      745      694      679      776      753      
20       1143     471      570      729      339      522      373      
21       356      756      615      496      367      1169     988      
22       770      1017     308      1159     407      968      678      
23       660      393      867      475      813      1032     443      
24       989      995      620      881      857      895      428      
25       1044     639      696      377      389      1059     1187     
26       412      443      819      1182     451      482      577      
27       785      656      420      889      1197     875      952      
28       549      882      507      936      1162     1130     520      
29       861      741      720      486      527      1145     792      
30       708      951      917      846      758      1141     1057     
31       1080     1130     618      751      907      333      634      
32       450      702      647      1191     669      874      909      
33       752      574      1187     645      361      1116     1184     
34       1161     667      1106     1027     1149     577      891      
35       885      1164     447      520      527      923      1053     
36       673      801      568      942      1169     1032     377      
37       952      488      927      677      733      1121     1062     
38       473      1007     1037     985      383      600      359      
39       579      991      581      886      1007     823      379      
40       510      601      1040     835      1028     1147     582      
41       573      310      636      535      889      424      890      
42       397      1073     778      448      454      498      1197     
43       353      696      928      1130     433      1184     881      
44       710      934      375      920      377      534      689      
45       953      1155     366      323      462      764      955      
46       856      1171     640      1009     1112     557      455      
47       851      365      640      731      617      969      451      
48       400      507      331      1001     461      360      746      
49       724      1182     1008     1083     558      1200     301      
50       900      399      949      1009     471      1041     709      
;



Table CP(j,w)    Capacidade produtiva de w em j
         1        2        3        4        5        6        7        
1        23040    23040    23040    23040    23040    23040    23040    
2        23040    23040    23040    23040    23040    23040    23040    
3        23040    23040    23040    23040    23040    23040    23040    
4        23040    23040    23040    23040    23040    23040    23040    
5        23040    23040    23040    23040    23040    23040    23040    
6        23040    23040    23040    23040    23040    23040    23040    
7        23040    23040    23040    23040    23040    23040    23040    
8        23040    23040    23040    23040    23040    23040    23040    
9        23040    23040    23040    23040    23040    23040    23040    
;



