sets
    j        periodos de programacao          /1*7/
    i        indice dos pedidos              /1*50/
    w        indice dos estagios produtivos  /1*3/
    ;

    Parameters

    beta
    /0.0/
    tau(i)   custo diario de atraso do pedido i
/
1	6
2	6
3	6
4	6
5	5
6	8
7	9
8	6
9	7
10	7
11	5
12	6
13	9
14	7
15	9
16	9
17	6
18	6
19	8
20	6
21	7
22	7
23	6
24	5
25	8
26	5
27	7
28	9
29	5
30	5
31	9
32	9
33	6
34	9
35	7
36	9
37	9
38	9
39	6
40	8
41	8
42	8
43	7
44	7
45	5
46	7
47	7
48	5
49	9
50	7
/

upsilon(w)       custo de operacao do setor produtivo w
/
1	9
2	6
3	7
/

d(i)     data de entrega de i
/
1	6
2	3
3	5
4	3
5	3
6	3
7	6
8	4
9	3
10	6
11	4
12	4
13	4
14	3
15	5
16	6
17	4
18	4
19	3
20	6
21	3
22	4
23	4
24	6
25	4
26	3
27	5
28	3
29	3
30	3
31	5
32	3
33	5
34	3
35	4
36	4
37	5
38	4
39	5
40	6
41	5
42	6
43	3
44	3
45	5
46	4
47	4
48	6
49	6
50	3
/
;
Table TP(i,w)    Tempo de processamento de i em w
         1        2        3        
1        497      526      870      
2        716      931      640      
3        1074     1063     477      
4        1060     787      1001     
5        302      1031     1094     
6        1051     964      777      
7        650      1069     413      
8        865      537      1017     
9        421      1119     524      
10       635      348      1015     
11       820      587      546      
12       581      495      531      
13       595      1013     653      
14       1139     312      445      
15       482      723      316      
16       665      1154     595      
17       758      522      891      
18       935      1194     779      
19       590      358      956      
20       1000     1121     798      
21       872      629      1181     
22       312      404      731      
23       1027     442      613      
24       706      907      793      
25       521      976      889      
26       443      602      625      
27       658      695      744      
28       415      590      627      
29       544      489      789      
30       663      627      615      
31       827      749      1133     
32       449      347      551      
33       517      659      761      
34       824      1111     805      
35       525      1124     662      
36       1131     749      546      
37       458      342      453      
38       654      760      718      
39       378      375      960      
40       1104     927      1043     
41       328      482      346      
42       502      678      613      
43       735      1085     687      
44       759      378      897      
45       919      539      404      
46       1010     1175     1006     
47       851      1178     306      
48       1193     845      401      
49       778      603      362      
50       1127     1036     892      
;



Table CP(j,w)    Capacidade produtiva de w em j
         1        2        3        
1        23040    23040    23040    
2        23040    23040    23040    
3        23040    23040    23040    
4        23040    23040    23040    
5        23040    23040    23040    
6        23040    23040    23040    
7        23040    23040    23040    
;



