sets
    j        periodos de programacao          /1*5/
    i        indice dos pedidos              /1*300/
    w        indice dos estagios produtivos  /1*3/
    ;

    Parameters

    beta
    /0.0/
    tau(i)   custo diario de atraso do pedido i
/
1	9
2	9
3	8
4	6
5	8
6	8
7	5
8	8
9	9
10	7
11	8
12	8
13	9
14	8
15	8
16	7
17	8
18	9
19	7
20	6
21	5
22	6
23	9
24	8
25	9
26	8
27	8
28	7
29	5
30	7
31	5
32	7
33	9
34	9
35	6
36	9
37	9
38	6
39	6
40	9
41	6
42	5
43	9
44	5
45	9
46	9
47	6
48	6
49	5
50	8
51	5
52	6
53	5
54	5
55	8
56	5
57	7
58	9
59	8
60	9
61	6
62	6
63	5
64	9
65	5
66	5
67	8
68	7
69	6
70	5
71	7
72	9
73	7
74	6
75	9
76	9
77	7
78	9
79	8
80	8
81	9
82	8
83	5
84	5
85	8
86	5
87	6
88	8
89	6
90	6
91	7
92	9
93	6
94	9
95	6
96	9
97	6
98	5
99	8
100	5
101	7
102	7
103	9
104	6
105	7
106	8
107	7
108	7
109	6
110	6
111	9
112	8
113	9
114	9
115	9
116	9
117	9
118	6
119	6
120	5
121	5
122	5
123	6
124	6
125	8
126	7
127	7
128	6
129	7
130	6
131	6
132	6
133	8
134	8
135	5
136	9
137	8
138	7
139	5
140	6
141	7
142	5
143	7
144	9
145	6
146	9
147	7
148	9
149	7
150	5
151	9
152	8
153	6
154	6
155	5
156	5
157	7
158	7
159	7
160	8
161	6
162	8
163	7
164	8
165	6
166	7
167	5
168	7
169	9
170	6
171	9
172	5
173	5
174	5
175	9
176	9
177	8
178	7
179	7
180	5
181	9
182	6
183	5
184	9
185	7
186	8
187	7
188	8
189	9
190	9
191	8
192	6
193	6
194	6
195	7
196	8
197	7
198	5
199	6
200	8
201	6
202	6
203	8
204	9
205	5
206	8
207	9
208	7
209	5
210	7
211	5
212	9
213	5
214	5
215	8
216	6
217	8
218	7
219	8
220	9
221	5
222	6
223	5
224	9
225	6
226	6
227	5
228	9
229	6
230	5
231	5
232	9
233	7
234	6
235	9
236	5
237	8
238	8
239	6
240	6
241	7
242	8
243	7
244	6
245	9
246	9
247	5
248	5
249	8
250	9
251	9
252	6
253	7
254	5
255	8
256	9
257	6
258	8
259	5
260	7
261	5
262	9
263	8
264	9
265	7
266	9
267	9
268	5
269	8
270	8
271	7
272	7
273	8
274	8
275	9
276	5
277	5
278	5
279	8
280	7
281	7
282	6
283	6
284	9
285	7
286	9
287	9
288	9
289	8
290	5
291	6
292	9
293	7
294	7
295	7
296	5
297	5
298	6
299	6
300	8
/

upsilon(w)       custo de operacao do setor produtivo w
/
1	2
2	2
3	3
/

d(i)     data de entrega de i
/
1	3
2	3
3	4
4	4
5	3
6	4
7	4
8	3
9	3
10	3
11	4
12	4
13	4
14	4
15	4
16	4
17	3
18	3
19	3
20	4
21	4
22	4
23	4
24	3
25	3
26	3
27	4
28	3
29	4
30	4
31	4
32	4
33	3
34	4
35	3
36	3
37	3
38	3
39	3
40	3
41	4
42	4
43	4
44	4
45	3
46	3
47	4
48	4
49	4
50	4
51	3
52	3
53	3
54	3
55	4
56	4
57	3
58	3
59	4
60	3
61	3
62	3
63	4
64	4
65	4
66	4
67	4
68	4
69	3
70	3
71	4
72	3
73	3
74	3
75	3
76	4
77	4
78	4
79	4
80	4
81	4
82	3
83	3
84	4
85	3
86	4
87	4
88	3
89	4
90	3
91	3
92	3
93	4
94	3
95	3
96	3
97	3
98	3
99	3
100	3
101	3
102	4
103	3
104	4
105	4
106	4
107	3
108	4
109	3
110	4
111	4
112	4
113	3
114	4
115	4
116	3
117	3
118	3
119	3
120	3
121	3
122	3
123	4
124	4
125	4
126	4
127	4
128	4
129	3
130	3
131	4
132	3
133	3
134	3
135	3
136	3
137	4
138	3
139	4
140	3
141	3
142	3
143	4
144	3
145	3
146	4
147	3
148	3
149	3
150	3
151	4
152	3
153	3
154	3
155	3
156	3
157	4
158	3
159	4
160	4
161	4
162	4
163	3
164	3
165	4
166	4
167	3
168	3
169	3
170	4
171	3
172	4
173	4
174	4
175	3
176	3
177	4
178	4
179	4
180	3
181	4
182	4
183	3
184	3
185	4
186	4
187	4
188	4
189	3
190	3
191	4
192	4
193	4
194	3
195	3
196	4
197	3
198	4
199	3
200	4
201	3
202	3
203	3
204	3
205	4
206	3
207	4
208	4
209	4
210	4
211	4
212	4
213	3
214	4
215	3
216	3
217	3
218	4
219	3
220	3
221	4
222	3
223	4
224	4
225	3
226	4
227	3
228	3
229	4
230	4
231	3
232	4
233	3
234	4
235	3
236	3
237	3
238	3
239	4
240	4
241	4
242	3
243	3
244	4
245	4
246	4
247	4
248	3
249	3
250	3
251	3
252	3
253	3
254	3
255	4
256	3
257	4
258	4
259	3
260	4
261	3
262	4
263	4
264	4
265	3
266	4
267	4
268	3
269	4
270	3
271	3
272	4
273	3
274	3
275	4
276	3
277	3
278	4
279	3
280	3
281	4
282	3
283	3
284	3
285	3
286	3
287	3
288	3
289	3
290	4
291	3
292	4
293	4
294	3
295	3
296	3
297	3
298	3
299	3
300	3
/
;
Table TP(i,w)    Tempo de processamento de i em w
         1        2        3        
1        902      1120     316      
2        433      685      852      
3        496      636      1140     
4        673      1133     411      
5        979      572      968      
6        1149     345      926      
7        506      356      1061     
8        884      963      539      
9        994      379      945      
10       754      1013     707      
11       379      871      895      
12       1091     543      545      
13       1092     1107     389      
14       877      931      983      
15       586      384      1129     
16       1065     409      420      
17       1127     766      796      
18       1091     1014     1090     
19       495      953      449      
20       1078     738      692      
21       446      365      773      
22       899      685      723      
23       980      1126     556      
24       569      756      734      
25       900      1058     450      
26       1015     350      438      
27       504      1021     848      
28       490      824      1002     
29       674      529      464      
30       828      607      327      
31       619      807      1179     
32       730      969      727      
33       729      1005     526      
34       809      1144     987      
35       1133     1041     965      
36       405      652      848      
37       492      1117     895      
38       775      313      1121     
39       777      995      481      
40       563      1127     666      
41       679      971      1127     
42       915      765      534      
43       710      1021     399      
44       756      661      589      
45       444      1115     917      
46       479      1019     381      
47       641      1069     343      
48       660      639      330      
49       433      400      507      
50       841      480      803      
51       1139     540      523      
52       414      565      1072     
53       875      508      874      
54       459      995      566      
55       319      306      344      
56       679      348      607      
57       744      310      1156     
58       713      346      1132     
59       829      488      715      
60       659      1027     810      
61       802      648      899      
62       1165     1009     433      
63       424      528      300      
64       852      1156     378      
65       414      461      565      
66       826      1036     918      
67       1140     1091     1044     
68       1069     874      768      
69       525      552      465      
70       707      819      735      
71       1024     312      901      
72       418      365      662      
73       1090     588      1196     
74       724      1184     780      
75       423      712      444      
76       341      1026     402      
77       966      1169     398      
78       861      672      497      
79       1108     386      985      
80       886      528      978      
81       768      314      683      
82       497      633      700      
83       507      604      430      
84       877      562      657      
85       479      1003     793      
86       692      575      650      
87       902      395      844      
88       1159     701      949      
89       805      541      730      
90       712      529      950      
91       877      1065     698      
92       1165     429      947      
93       1039     776      654      
94       315      721      987      
95       1031     578      545      
96       1140     468      440      
97       739      882      982      
98       496      975      600      
99       499      683      947      
100      605      380      698      
101      341      1185     767      
102      594      634      859      
103      842      731      882      
104      990      731      316      
105      506      632      385      
106      747      507      1116     
107      1114     965      1080     
108      659      458      989      
109      978      843      947      
110      1088     728      361      
111      475      386      547      
112      1087     696      700      
113      1186     919      360      
114      543      360      324      
115      1016     1193     510      
116      1170     1132     465      
117      631      628      999      
118      963      991      612      
119      732      407      1120     
120      390      1008     339      
121      706      412      1098     
122      801      796      958      
123      994      479      308      
124      662      681      799      
125      1030     423      430      
126      856      410      508      
127      655      871      975      
128      526      655      1170     
129      1169     382      428      
130      634      450      629      
131      1131     799      748      
132      591      501      680      
133      423      386      1007     
134      951      1078     757      
135      425      839      478      
136      517      1160     1107     
137      1170     847      441      
138      820      383      831      
139      529      808      588      
140      857      1017     771      
141      469      872      769      
142      374      618      722      
143      1040     618      738      
144      805      1047     882      
145      375      775      814      
146      739      517      1015     
147      315      513      898      
148      1118     460      418      
149      502      1175     747      
150      632      390      808      
151      822      889      344      
152      994      551      702      
153      1090     759      945      
154      496      1134     863      
155      1128     1067     947      
156      760      922      457      
157      861      899      566      
158      661      779      1023     
159      511      457      451      
160      640      1190     601      
161      332      726      1162     
162      1097     598      739      
163      1102     922      421      
164      714      971      463      
165      1099     823      1024     
166      802      341      456      
167      867      1143     694      
168      862      998      572      
169      940      659      460      
170      594      1106     1062     
171      409      931      1137     
172      519      573      1151     
173      1150     553      393      
174      637      304      592      
175      494      922      398      
176      1141     893      367      
177      666      622      1176     
178      631      619      670      
179      416      680      621      
180      1052     995      1173     
181      645      1099     783      
182      610      709      1132     
183      387      775      367      
184      781      508      397      
185      1048     409      332      
186      347      714      965      
187      498      652      347      
188      960      1190     869      
189      773      494      1111     
190      1189     871      889      
191      817      316      596      
192      632      642      1157     
193      332      824      618      
194      401      985      1078     
195      1056     320      603      
196      1079     1090     701      
197      777      552      362      
198      347      550      645      
199      628      765      1193     
200      949      635      1190     
201      822      597      367      
202      555      735      1032     
203      638      1100     421      
204      674      800      967      
205      986      353      1077     
206      622      348      786      
207      471      657      622      
208      362      510      1173     
209      752      1063     754      
210      697      470      792      
211      1187     632      1027     
212      985      844      353      
213      879      319      792      
214      858      794      514      
215      330      546      370      
216      1023     516      1158     
217      484      1104     557      
218      963      786      549      
219      548      714      937      
220      429      623      927      
221      819      867      964      
222      929      454      964      
223      886      958      470      
224      592      717      943      
225      1138     775      1114     
226      343      317      1109     
227      789      767      753      
228      382      645      814      
229      951      833      541      
230      881      761      842      
231      1181     1052     906      
232      883      319      1012     
233      1184     1095     619      
234      722      540      608      
235      495      566      644      
236      1171     962      767      
237      659      417      1162     
238      1023     629      721      
239      414      523      686      
240      690      1188     445      
241      605      985      631      
242      549      834      988      
243      944      1133     791      
244      360      576      718      
245      713      323      428      
246      432      768      647      
247      1125     634      390      
248      928      690      1176     
249      843      877      1076     
250      833      307      387      
251      1003     1122     983      
252      1074     465      1199     
253      893      737      819      
254      582      360      495      
255      1168     1075     592      
256      337      444      376      
257      813      626      525      
258      398      300      621      
259      1054     1072     830      
260      635      430      346      
261      320      992      423      
262      640      311      934      
263      1011     1116     681      
264      469      810      644      
265      674      1086     601      
266      854      729      534      
267      1123     551      1065     
268      1107     1155     881      
269      932      773      930      
270      958      345      642      
271      931      408      655      
272      868      935      939      
273      825      578      890      
274      944      787      1125     
275      1061     976      498      
276      582      1193     560      
277      1047     443      415      
278      1056     710      517      
279      1113     833      333      
280      1028     846      565      
281      968      364      1190     
282      635      511      845      
283      645      331      879      
284      949      623      757      
285      595      1160     727      
286      670      925      1030     
287      1102     632      1097     
288      608      520      1132     
289      1143     850      323      
290      406      666      481      
291      464      846      603      
292      1033     445      1077     
293      476      920      910      
294      962      325      968      
295      818      845      673      
296      1193     1200     348      
297      1119     340      830      
298      841      895      909      
299      381      896      848      
300      1096     617      393      
;



Table CP(j,w)    Capacidade produtiva de w em j
         1        2        3        
1        23040    23040    23040    
2        23040    23040    23040    
3        23040    23040    23040    
4        23040    23040    23040    
5        23040    23040    23040    
;



