sets
    j        periodos de programacao          /1*5/
    i        indice dos pedidos              /1*50/
    w        indice dos estagios produtivos  /1*3/
    ;

    Parameters

    beta
    /0.0/
    tau(i)   custo diario de atraso do pedido i
/
1	9
2	9
3	9
4	8
5	5
6	6
7	8
8	5
9	9
10	8
11	5
12	6
13	9
14	8
15	5
16	6
17	9
18	8
19	8
20	9
21	9
22	5
23	8
24	6
25	8
26	6
27	6
28	8
29	5
30	7
31	6
32	5
33	9
34	8
35	6
36	8
37	8
38	9
39	5
40	7
41	6
42	8
43	9
44	5
45	5
46	5
47	8
48	8
49	8
50	9
/

upsilon(w)       custo de operacao do setor produtivo w
/
1	7
2	3
3	7
/

d(i)     data de entrega de i
/
1	3
2	4
3	4
4	3
5	3
6	4
7	3
8	3
9	4
10	3
11	4
12	4
13	3
14	4
15	4
16	4
17	3
18	4
19	4
20	3
21	3
22	3
23	4
24	3
25	3
26	3
27	4
28	4
29	3
30	3
31	3
32	4
33	3
34	4
35	4
36	3
37	4
38	4
39	4
40	4
41	4
42	4
43	3
44	4
45	3
46	3
47	4
48	4
49	4
50	4
/
;
Table TP(i,w)    Tempo de processamento de i em w
         1        2        3        
1        954      720      574      
2        922      639      1184     
3        528      527      998      
4        791      935      1005     
5        937      434      532      
6        757      1114     957      
7        554      470      566      
8        732      352      811      
9        1081     979      594      
10       669      313      1073     
11       845      1098     1093     
12       960      655      1181     
13       944      823      728      
14       634      750      367      
15       946      368      559      
16       1083     683      871      
17       1155     757      506      
18       457      927      1171     
19       357      734      717      
20       1117     582      1035     
21       1144     849      770      
22       1122     1175     433      
23       1098     920      1036     
24       494      893      1106     
25       1052     411      1071     
26       1160     312      348      
27       656      486      326      
28       659      997      723      
29       653      1159     364      
30       379      566      1027     
31       988      1100     1061     
32       927      418      1002     
33       330      1138     585      
34       922      675      632      
35       1187     743      846      
36       902      979      466      
37       772      921      1152     
38       643      564      551      
39       912      633      389      
40       1124     677      459      
41       945      436      437      
42       1100     786      1060     
43       517      499      745      
44       1133     674      572      
45       1177     813      1100     
46       580      1117     1142     
47       700      754      841      
48       353      712      1097     
49       667      1179     466      
50       375      505      620      
;



Table CP(j,w)    Capacidade produtiva de w em j
         1        2        3        
1        23040    23040    23040    
2        23040    23040    23040    
3        23040    23040    23040    
4        23040    23040    23040    
5        23040    23040    23040    
;



