sets
    j        periodos de programacao          /1*5/
    i        indice dos pedidos              /1*50/
    w        indice dos estagios produtivos  /1*3/
    ;

    Parameters

    beta
    /0.0/
    tau(i)   custo diario de atraso do pedido i
/
1	7
2	5
3	8
4	8
5	8
6	5
7	7
8	7
9	9
10	8
11	9
12	7
13	5
14	8
15	9
16	8
17	5
18	5
19	6
20	9
21	5
22	6
23	9
24	6
25	8
26	8
27	9
28	5
29	7
30	6
31	8
32	9
33	6
34	6
35	8
36	5
37	7
38	8
39	5
40	7
41	6
42	7
43	7
44	7
45	9
46	8
47	5
48	6
49	5
50	9
/

upsilon(w)       custo de operacao do setor produtivo w
/
1	1
2	4
3	5
/

d(i)     data de entrega de i
/
1	4
2	3
3	3
4	3
5	4
6	3
7	3
8	3
9	4
10	4
11	4
12	4
13	3
14	4
15	3
16	3
17	3
18	4
19	3
20	3
21	3
22	3
23	4
24	3
25	4
26	3
27	3
28	4
29	3
30	3
31	3
32	3
33	3
34	4
35	4
36	4
37	3
38	3
39	3
40	3
41	4
42	3
43	4
44	4
45	4
46	4
47	3
48	4
49	4
50	4
/
;
Table TP(i,w)    Tempo de processamento de i em w
         1        2        3        
1        353      534      1049     
2        961      786      643      
3        1182     356      428      
4        649      343      1063     
5        397      887      607      
6        788      938      400      
7        898      1140     698      
8        472      570      1040     
9        378      1005     849      
10       1136     1131     992      
11       580      1037     314      
12       797      769      497      
13       779      1097     1053     
14       1021     548      466      
15       545      1119     442      
16       818      982      940      
17       1138     1001     1147     
18       716      881      690      
19       1037     572      932      
20       836      515      490      
21       867      929      935      
22       990      965      1160     
23       999      374      606      
24       599      521      1034     
25       1164     585      1099     
26       600      476      570      
27       611      434      628      
28       1114     1101     1078     
29       726      346      628      
30       657      422      797      
31       839      1157     1138     
32       765      397      489      
33       601      669      962      
34       985      1094     1103     
35       611      790      847      
36       663      1046     716      
37       1179     677      974      
38       444      864      882      
39       1086     907      450      
40       763      634      921      
41       730      618      1049     
42       1093     578      551      
43       853      465      311      
44       1143     1181     1040     
45       1157     304      1130     
46       934      985      401      
47       676      302      937      
48       1139     680      834      
49       1029     743      686      
50       631      859      666      
;



Table CP(j,w)    Capacidade produtiva de w em j
         1        2        3        
1        23040    23040    23040    
2        23040    23040    23040    
3        23040    23040    23040    
4        23040    23040    23040    
5        23040    23040    23040    
;



