sets
    j        periodos de programacao          /1*9/
    i        indice dos pedidos              /1*50/
    w        indice dos estagios produtivos  /1*5/
    ;

    Parameters

    beta
    /0.0/
    tau(i)   custo diario de atraso do pedido i
/
1	9
2	8
3	9
4	6
5	6
6	7
7	6
8	7
9	7
10	9
11	7
12	8
13	5
14	5
15	7
16	9
17	6
18	8
19	5
20	8
21	7
22	6
23	8
24	6
25	8
26	5
27	8
28	8
29	7
30	5
31	6
32	8
33	8
34	9
35	7
36	8
37	7
38	7
39	5
40	6
41	8
42	9
43	8
44	9
45	5
46	5
47	9
48	7
49	8
50	6
/

upsilon(w)       custo de operacao do setor produtivo w
/
1	3
2	3
3	1
4	5
5	3
/

d(i)     data de entrega de i
/
1	7
2	6
3	8
4	8
5	7
6	6
7	7
8	8
9	8
10	8
11	6
12	7
13	5
14	6
15	8
16	5
17	6
18	7
19	6
20	5
21	8
22	6
23	5
24	8
25	8
26	8
27	5
28	7
29	7
30	5
31	7
32	6
33	8
34	6
35	8
36	7
37	8
38	5
39	5
40	5
41	8
42	5
43	7
44	5
45	6
46	6
47	5
48	7
49	8
50	8
/
;
Table TP(i,w)    Tempo de processamento de i em w
         1        2        3        4        5        
1        990      1043     972      370      926      
2        569      338      773      525      591      
3        914      650      1192     946      625      
4        986      861      1178     646      1199     
5        443      1048     1171     338      550      
6        730      344      958      849      835      
7        691      379      656      585      1028     
8        949      849      568      303      634      
9        703      929      911      938      940      
10       952      1154     383      396      584      
11       474      557      771      503      1118     
12       688      645      505      1081     610      
13       1109     1128     631      906      834      
14       349      736      472      411      996      
15       323      347      881      619      1011     
16       337      1183     1157     1063     411      
17       1137     1118     770      939      408      
18       526      557      954      620      312      
19       1070     1166     1006     449      657      
20       1104     793      511      571      706      
21       525      995      699      924      509      
22       492      1038     951      505      383      
23       1125     690      352      617      1106     
24       551      1193     1151     723      768      
25       611      1183     751      503      1167     
26       944      887      1028     943      893      
27       330      438      813      549      482      
28       958      1183     865      495      348      
29       662      500      1125     651      530      
30       692      442      847      1013     343      
31       688      326      1178     502      721      
32       627      695      456      627      303      
33       1028     571      1102     1094     888      
34       884      457      684      710      1099     
35       979      942      731      1189     911      
36       1106     639      536      1156     423      
37       405      1084     857      1145     812      
38       396      829      342      1161     481      
39       1099     959      1081     623      384      
40       1139     896      916      846      872      
41       1094     764      901      465      798      
42       952      727      950      769      637      
43       917      339      504      1200     648      
44       1017     1111     618      546      442      
45       637      695      813      1059     975      
46       1021     666      415      545      474      
47       803      381      614      595      858      
48       1002     826      690      382      1187     
49       947      906      558      373      326      
50       931      997      1125     754      1015     
;



Table CP(j,w)    Capacidade produtiva de w em j
         1        2        3        4        5        
1        23040    23040    23040    23040    23040    
2        23040    23040    23040    23040    23040    
3        23040    23040    23040    23040    23040    
4        23040    23040    23040    23040    23040    
5        23040    23040    23040    23040    23040    
6        23040    23040    23040    23040    23040    
7        23040    23040    23040    23040    23040    
8        23040    23040    23040    23040    23040    
9        23040    23040    23040    23040    23040    
;



