sets
    j        periodos de programacao          /1*11/
    i        indice dos pedidos              /1*50/
    w        indice dos estagios produtivos  /1*7/
    ;

    Parameters

    beta
    /0.0/
    tau(i)   custo diario de atraso do pedido i
/
1	9
2	8
3	8
4	8
5	7
6	9
7	6
8	7
9	7
10	7
11	6
12	7
13	7
14	6
15	8
16	9
17	6
18	9
19	9
20	5
21	8
22	6
23	8
24	5
25	8
26	8
27	5
28	5
29	7
30	5
31	5
32	8
33	9
34	6
35	5
36	6
37	5
38	7
39	6
40	6
41	7
42	6
43	5
44	7
45	8
46	8
47	7
48	8
49	8
50	7
/

upsilon(w)       custo de operacao do setor produtivo w
/
1	4
2	7
3	7
4	1
5	6
6	7
7	9
/

d(i)     data de entrega de i
/
1	9
2	8
3	9
4	9
5	7
6	10
7	9
8	7
9	7
10	9
11	8
12	10
13	10
14	9
15	10
16	7
17	10
18	9
19	10
20	9
21	8
22	7
23	10
24	7
25	8
26	9
27	8
28	8
29	7
30	10
31	8
32	10
33	7
34	10
35	7
36	8
37	7
38	7
39	10
40	8
41	9
42	7
43	9
44	8
45	9
46	8
47	7
48	9
49	8
50	7
/
;
Table TP(i,w)    Tempo de processamento de i em w
         1        2        3        4        5        6        7        
1        784      959      328      684      822      359      894      
2        595      703      822      826      1042     778      502      
3        915      475      721      785      839      1198     369      
4        945      906      616      822      982      1150     770      
5        852      1188     512      540      729      324      1105     
6        744      1046     1076     1030     1177     717      654      
7        1102     858      497      536      882      500      1090     
8        539      579      1034     1062     624      548      528      
9        566      431      805      585      318      1084     952      
10       1013     808      637      590      468      707      698      
11       521      374      704      1055     713      617      745      
12       394      779      441      985      740      571      889      
13       837      641      952      955      566      668      994      
14       937      1106     682      1060     601      673      478      
15       790      741      1108     747      534      701      337      
16       696      469      1111     308      437      1033     748      
17       575      1072     450      1123     1107     377      936      
18       1033     341      346      684      352      610      761      
19       553      486      868      925      1001     771      516      
20       317      1191     878      1135     993      332      501      
21       1050     734      652      660      1067     686      1004     
22       813      815      510      901      1159     1001     1030     
23       357      366      1176     362      454      443      656      
24       789      1074     1002     714      1087     983      1043     
25       380      1160     1074     1055     1075     738      437      
26       567      847      952      368      823      417      825      
27       462      1005     554      889      450      933      513      
28       812      1041     1200     788      838      935      582      
29       635      790      1154     1037     851      403      768      
30       711      727      792      531      758      409      611      
31       354      1135     472      573      682      738      1071     
32       649      444      327      395      1168     572      1044     
33       798      920      749      659      955      443      436      
34       1002     613      472      604      435      452      924      
35       871      956      959      627      481      852      1182     
36       1013     1073     528      438      1041     340      1172     
37       973      853      592      557      586      417      842      
38       1157     986      360      320      1110     1173     398      
39       694      488      412      670      927      967      979      
40       479      730      1028     985      942      1093     1030     
41       1191     565      867      982      346      675      759      
42       1004     436      305      1083     1020     496      996      
43       1146     935      1019     610      642      1193     474      
44       406      614      474      666      835      1004     1196     
45       561      505      635      595      988      905      879      
46       493      1127     652      754      920      1128     1084     
47       322      810      761      701      1081     519      1035     
48       953      889      930      588      782      887      1113     
49       683      1093     411      1116     752      962      999      
50       1097     538      850      913      813      600      334      
;



Table CP(j,w)    Capacidade produtiva de w em j
         1        2        3        4        5        6        7        
1        23040    23040    23040    23040    23040    23040    23040    
2        23040    23040    23040    23040    23040    23040    23040    
3        23040    23040    23040    23040    23040    23040    23040    
4        23040    23040    23040    23040    23040    23040    23040    
5        23040    23040    23040    23040    23040    23040    23040    
6        23040    23040    23040    23040    23040    23040    23040    
7        23040    23040    23040    23040    23040    23040    23040    
8        23040    23040    23040    23040    23040    23040    23040    
9        23040    23040    23040    23040    23040    23040    23040    
10       23040    23040    23040    23040    23040    23040    23040    
11       23040    23040    23040    23040    23040    23040    23040    
;



