sets
    j        periodos de programacao          /1*11/
    i        indice dos pedidos              /1*50/
    w        indice dos estagios produtivos  /1*7/
    ;

    Parameters

    beta
    /0.0/
    tau(i)   custo diario de atraso do pedido i
/
1	7
2	9
3	7
4	5
5	5
6	6
7	6
8	5
9	6
10	7
11	6
12	5
13	5
14	8
15	6
16	7
17	6
18	6
19	6
20	8
21	6
22	9
23	9
24	9
25	5
26	7
27	7
28	5
29	7
30	8
31	6
32	9
33	8
34	6
35	6
36	7
37	5
38	8
39	6
40	9
41	6
42	8
43	6
44	7
45	7
46	7
47	6
48	9
49	8
50	9
/

upsilon(w)       custo de operacao do setor produtivo w
/
1	4
2	7
3	1
4	2
5	9
6	5
7	2
/

d(i)     data de entrega de i
/
1	9
2	7
3	9
4	7
5	9
6	8
7	10
8	9
9	10
10	9
11	7
12	8
13	9
14	10
15	9
16	8
17	9
18	7
19	7
20	9
21	9
22	8
23	8
24	7
25	7
26	8
27	10
28	10
29	9
30	8
31	8
32	9
33	9
34	7
35	10
36	10
37	10
38	10
39	7
40	10
41	8
42	7
43	7
44	9
45	9
46	8
47	9
48	10
49	8
50	8
/
;
Table TP(i,w)    Tempo de processamento de i em w
         1        2        3        4        5        6        7        
1        696      965      1155     1033     413      990      321      
2        915      653      1163     1155     872      784      403      
3        350      656      1091     433      379      502      1056     
4        584      1174     875      870      483      997      758      
5        521      582      472      654      903      436      1178     
6        1072     486      971      1189     315      982      502      
7        1030     965      524      1111     1130     354      589      
8        995      942      653      1177     638      899      1032     
9        770      703      1193     367      962      936      492      
10       440      391      344      970      966      412      999      
11       791      1129     811      560      764      547      523      
12       772      559      657      429      595      331      859      
13       826      423      356      692      740      760      711      
14       588      505      668      1119     611      964      1044     
15       1195     879      1123     536      1190     599      596      
16       805      1001     1138     884      887      486      672      
17       677      1033     354      814      409      385      761      
18       798      883      764      941      1130     578      454      
19       700      419      831      630      1128     1197     454      
20       1093     623      691      754      880      367      974      
21       523      522      673      874      386      526      580      
22       1165     824      730      1128     969      1123     506      
23       464      747      642      741      793      580      300      
24       1190     848      674      1076     1063     602      582      
25       430      406      711      622      430      1045     789      
26       697      416      574      701      1056     620      970      
27       476      436      509      961      916      1165     641      
28       384      532      1110     871      841      681      535      
29       1180     858      1185     1084     461      450      1122     
30       748      680      512      309      706      831      1155     
31       865      378      781      758      749      421      1113     
32       687      984      334      530      393      792      1089     
33       999      784      448      1048     1179     575      339      
34       707      486      1129     611      973      844      1177     
35       508      756      468      561      388      699      416      
36       502      936      345      653      394      1041     976      
37       559      1190     305      925      954      818      1125     
38       791      355      868      379      720      332      395      
39       882      674      304      390      742      492      580      
40       1187     684      1091     508      1112     467      927      
41       1098     550      916      1168     1133     395      584      
42       592      972      1000     412      819      382      1009     
43       1075     521      435      876      325      914      426      
44       950      850      1187     587      622      561      452      
45       936      387      838      998      344      1169     376      
46       451      320      669      1106     1031     428      705      
47       496      755      1168     577      480      1042     355      
48       1150     459      900      322      1080     549      788      
49       622      849      863      1120     1177     1154     304      
50       359      349      337      1151     609      979      618      
;



Table CP(j,w)    Capacidade produtiva de w em j
         1        2        3        4        5        6        7        
1        23040    23040    23040    23040    23040    23040    23040    
2        23040    23040    23040    23040    23040    23040    23040    
3        23040    23040    23040    23040    23040    23040    23040    
4        23040    23040    23040    23040    23040    23040    23040    
5        23040    23040    23040    23040    23040    23040    23040    
6        23040    23040    23040    23040    23040    23040    23040    
7        23040    23040    23040    23040    23040    23040    23040    
8        23040    23040    23040    23040    23040    23040    23040    
9        23040    23040    23040    23040    23040    23040    23040    
10       23040    23040    23040    23040    23040    23040    23040    
11       23040    23040    23040    23040    23040    23040    23040    
;



