sets
    j        periodos de programacao          /1*7/
    i        indice dos pedidos              /1*30/
    w        indice dos estagios produtivos  /1*3/
    ;

    Parameters

    beta
    /0.0/
    tau(i)   custo diario de atraso do pedido i
/
1	9
2	8
3	7
4	8
5	6
6	5
7	8
8	7
9	9
10	6
11	6
12	6
13	9
14	5
15	8
16	5
17	7
18	8
19	5
20	6
21	9
22	6
23	5
24	7
25	5
26	8
27	7
28	8
29	9
30	9
/

upsilon(w)       custo de operacao do setor produtivo w
/
1	4
2	8
3	7
/

d(i)     data de entrega de i
/
1	6
2	6
3	5
4	5
5	6
6	4
7	3
8	3
9	3
10	5
11	6
12	6
13	5
14	5
15	6
16	6
17	5
18	4
19	6
20	3
21	4
22	4
23	5
24	4
25	6
26	6
27	6
28	3
29	6
30	3
/
;
Table TP(i,w)    Tempo de processamento de i em w
         1        2        3        
1        964      1042     388      
2        615      1027     1162     
3        1197     966      1014     
4        492      1200     935      
5        305      914      1046     
6        308      836      714      
7        732      1186     1040     
8        839      417      1003     
9        557      1107     368      
10       506      593      1179     
11       746      509      875      
12       392      644      862      
13       485      1161     968      
14       374      948      434      
15       1024     824      394      
16       966      820      553      
17       545      485      745      
18       322      454      758      
19       983      417      530      
20       460      1068     896      
21       686      687      1089     
22       573      765      309      
23       896      464      464      
24       977      317      703      
25       615      1177     618      
26       916      503      936      
27       600      899      346      
28       1169     918      802      
29       464      1007     361      
30       711      485      896      
;



Table CP(j,w)    Capacidade produtiva de w em j
         1        2        3        
1        23040    23040    23040    
2        23040    23040    23040    
3        23040    23040    23040    
4        23040    23040    23040    
5        23040    23040    23040    
6        23040    23040    23040    
7        23040    23040    23040    
;



