sets
    j        periodos de programacao          /1*11/
    i        indice dos pedidos              /1*50/
    w        indice dos estagios produtivos  /1*7/
    ;

    Parameters

    beta
    /0.0/
    tau(i)   custo diario de atraso do pedido i
/
1	8
2	7
3	6
4	9
5	7
6	8
7	9
8	8
9	7
10	7
11	9
12	7
13	5
14	5
15	5
16	7
17	7
18	6
19	9
20	9
21	5
22	5
23	7
24	9
25	6
26	6
27	7
28	9
29	9
30	9
31	9
32	9
33	7
34	5
35	7
36	5
37	8
38	7
39	5
40	8
41	7
42	5
43	7
44	8
45	7
46	6
47	5
48	5
49	6
50	5
/

upsilon(w)       custo de operacao do setor produtivo w
/
1	3
2	9
3	5
4	9
5	4
6	4
7	5
/

d(i)     data de entrega de i
/
1	9
2	8
3	9
4	9
5	10
6	9
7	10
8	10
9	8
10	8
11	7
12	10
13	7
14	9
15	10
16	9
17	7
18	10
19	7
20	9
21	8
22	8
23	9
24	10
25	7
26	7
27	7
28	8
29	9
30	10
31	8
32	8
33	9
34	9
35	7
36	9
37	9
38	8
39	8
40	8
41	7
42	7
43	9
44	10
45	8
46	9
47	8
48	8
49	10
50	10
/
;
Table TP(i,w)    Tempo de processamento de i em w
         1        2        3        4        5        6        7        
1        629      697      994      569      326      773      946      
2        919      522      571      1105     1139     468      945      
3        628      1105     531      1023     327      421      1133     
4        629      576      769      968      334      468      1134     
5        990      358      699      934      650      509      922      
6        936      524      777      552      426      486      520      
7        583      876      400      1008     1177     843      410      
8        663      831      1011     370      334      996      365      
9        928      421      359      1108     645      421      1037     
10       792      400      1137     740      539      751      348      
11       320      930      965      871      898      723      384      
12       1127     479      1139     796      703      1048     654      
13       1064     406      993      345      653      503      547      
14       318      1179     949      555      777      404      611      
15       399      963      519      1073     658      1158     539      
16       331      493      308      542      418      710      639      
17       559      1038     1124     1173     1036     383      680      
18       436      375      308      1066     632      527      1131     
19       520      774      672      887      1132     572      1177     
20       866      1111     735      371      356      531      718      
21       841      1158     800      1057     909      572      313      
22       905      522      711      779      448      430      1020     
23       535      951      906      531      910      701      735      
24       435      636      1084     703      795      398      885      
25       527      1171     490      748      838      654      1161     
26       514      1191     322      859      489      974      996      
27       330      815      974      361      761      686      596      
28       611      534      967      998      845      973      672      
29       868      648      496      962      413      615      309      
30       315      1088     554      723      951      883      1061     
31       371      600      981      763      421      330      774      
32       772      1181     629      528      1176     1130     1051     
33       676      433      754      1032     571      867      300      
34       634      727      938      1070     1025     576      1086     
35       320      714      643      633      672      300      993      
36       851      540      1101     465      1116     767      1082     
37       564      850      352      1011     505      371      834      
38       717      511      818      416      441      991      400      
39       685      426      831      967      316      640      723      
40       487      776      621      982      1164     755      804      
41       456      1011     635      503      454      773      636      
42       1083     382      779      463      676      717      368      
43       520      925      1087     524      768      1080     726      
44       303      773      789      1154     327      1049     715      
45       948      428      333      327      857      779      1013     
46       742      402      912      1179     495      674      1061     
47       872      403      864      576      1107     1155     1086     
48       598      1061     936      1161     922      1016     374      
49       1044     762      553      866      933      977      930      
50       438      730      1179     881      1197     321      1007     
;



Table CP(j,w)    Capacidade produtiva de w em j
         1        2        3        4        5        6        7        
1        23040    23040    23040    23040    23040    23040    23040    
2        23040    23040    23040    23040    23040    23040    23040    
3        23040    23040    23040    23040    23040    23040    23040    
4        23040    23040    23040    23040    23040    23040    23040    
5        23040    23040    23040    23040    23040    23040    23040    
6        23040    23040    23040    23040    23040    23040    23040    
7        23040    23040    23040    23040    23040    23040    23040    
8        23040    23040    23040    23040    23040    23040    23040    
9        23040    23040    23040    23040    23040    23040    23040    
10       23040    23040    23040    23040    23040    23040    23040    
11       23040    23040    23040    23040    23040    23040    23040    
;



