sets
    j        periodos de programacao          /1*5/
    i        indice dos pedidos              /1*300/
    w        indice dos estagios produtivos  /1*3/
    ;

    Parameters

    beta
    /0.0/
    tau(i)   custo diario de atraso do pedido i
/
1	9
2	9
3	8
4	6
5	6
6	8
7	8
8	8
9	5
10	6
11	8
12	7
13	9
14	6
15	9
16	9
17	7
18	5
19	6
20	5
21	6
22	6
23	9
24	8
25	8
26	5
27	9
28	9
29	9
30	9
31	9
32	7
33	7
34	6
35	5
36	8
37	7
38	9
39	8
40	6
41	6
42	6
43	9
44	5
45	8
46	6
47	8
48	5
49	6
50	7
51	6
52	8
53	7
54	5
55	7
56	6
57	5
58	9
59	7
60	9
61	9
62	6
63	6
64	5
65	6
66	7
67	5
68	9
69	7
70	6
71	5
72	7
73	8
74	7
75	9
76	5
77	7
78	7
79	7
80	9
81	6
82	8
83	8
84	6
85	9
86	7
87	9
88	6
89	9
90	7
91	6
92	8
93	8
94	5
95	6
96	7
97	7
98	5
99	6
100	9
101	8
102	6
103	6
104	5
105	6
106	8
107	6
108	9
109	7
110	7
111	7
112	6
113	7
114	7
115	5
116	9
117	7
118	9
119	8
120	5
121	8
122	7
123	5
124	6
125	5
126	6
127	5
128	6
129	9
130	6
131	5
132	8
133	8
134	5
135	6
136	9
137	7
138	9
139	5
140	6
141	8
142	7
143	5
144	9
145	6
146	5
147	5
148	6
149	9
150	8
151	8
152	5
153	8
154	7
155	6
156	7
157	8
158	9
159	9
160	8
161	9
162	9
163	6
164	5
165	8
166	9
167	9
168	9
169	5
170	6
171	7
172	7
173	9
174	6
175	6
176	7
177	6
178	6
179	6
180	7
181	6
182	8
183	7
184	6
185	8
186	5
187	8
188	9
189	7
190	6
191	5
192	7
193	9
194	5
195	5
196	8
197	9
198	5
199	8
200	8
201	5
202	5
203	5
204	8
205	8
206	9
207	6
208	6
209	8
210	9
211	9
212	7
213	5
214	7
215	9
216	5
217	8
218	6
219	5
220	5
221	7
222	6
223	6
224	8
225	9
226	9
227	7
228	7
229	7
230	6
231	6
232	5
233	8
234	6
235	7
236	9
237	7
238	8
239	6
240	9
241	9
242	9
243	5
244	7
245	6
246	5
247	8
248	8
249	8
250	6
251	7
252	8
253	7
254	6
255	5
256	6
257	6
258	8
259	7
260	8
261	6
262	5
263	6
264	8
265	6
266	8
267	8
268	8
269	9
270	5
271	8
272	6
273	9
274	7
275	8
276	8
277	8
278	5
279	8
280	9
281	6
282	8
283	7
284	8
285	9
286	7
287	8
288	9
289	5
290	7
291	8
292	5
293	9
294	7
295	5
296	6
297	9
298	8
299	5
300	5
/

upsilon(w)       custo de operacao do setor produtivo w
/
1	1
2	9
3	5
/

d(i)     data de entrega de i
/
1	4
2	4
3	4
4	4
5	4
6	4
7	3
8	3
9	4
10	4
11	4
12	4
13	4
14	4
15	3
16	3
17	3
18	4
19	3
20	3
21	3
22	4
23	4
24	3
25	3
26	4
27	4
28	4
29	4
30	4
31	4
32	3
33	3
34	4
35	4
36	4
37	4
38	3
39	3
40	4
41	3
42	3
43	3
44	3
45	4
46	3
47	3
48	4
49	4
50	4
51	3
52	3
53	4
54	3
55	3
56	4
57	4
58	3
59	4
60	4
61	3
62	3
63	4
64	3
65	3
66	3
67	3
68	3
69	3
70	3
71	4
72	3
73	3
74	3
75	4
76	4
77	4
78	3
79	4
80	4
81	3
82	3
83	3
84	4
85	3
86	4
87	4
88	4
89	3
90	3
91	3
92	3
93	4
94	3
95	3
96	3
97	4
98	4
99	3
100	4
101	3
102	4
103	3
104	3
105	4
106	3
107	4
108	4
109	3
110	4
111	3
112	4
113	4
114	4
115	3
116	4
117	3
118	4
119	4
120	3
121	3
122	4
123	4
124	4
125	4
126	3
127	3
128	3
129	4
130	4
131	4
132	3
133	4
134	3
135	4
136	4
137	4
138	4
139	4
140	4
141	4
142	4
143	4
144	3
145	3
146	3
147	4
148	4
149	3
150	4
151	4
152	4
153	3
154	4
155	3
156	3
157	3
158	3
159	3
160	3
161	4
162	4
163	3
164	3
165	3
166	4
167	4
168	3
169	3
170	3
171	3
172	3
173	3
174	3
175	4
176	3
177	3
178	3
179	4
180	3
181	3
182	3
183	3
184	4
185	4
186	4
187	3
188	4
189	3
190	4
191	4
192	3
193	4
194	4
195	3
196	3
197	4
198	3
199	3
200	4
201	3
202	4
203	3
204	4
205	4
206	3
207	3
208	3
209	4
210	3
211	4
212	3
213	3
214	3
215	4
216	3
217	4
218	3
219	4
220	4
221	3
222	4
223	3
224	4
225	3
226	3
227	3
228	4
229	3
230	4
231	3
232	3
233	4
234	4
235	4
236	3
237	4
238	4
239	4
240	3
241	4
242	3
243	3
244	3
245	3
246	4
247	4
248	3
249	3
250	3
251	3
252	3
253	4
254	4
255	3
256	4
257	4
258	4
259	3
260	3
261	3
262	4
263	3
264	4
265	3
266	4
267	3
268	3
269	4
270	3
271	4
272	4
273	4
274	3
275	4
276	4
277	3
278	3
279	3
280	3
281	3
282	3
283	3
284	3
285	4
286	3
287	4
288	3
289	4
290	3
291	4
292	3
293	4
294	3
295	4
296	3
297	4
298	3
299	4
300	4
/
;
Table TP(i,w)    Tempo de processamento de i em w
         1        2        3        
1        1014     789      1015     
2        365      391      468      
3        1110     622      1110     
4        913      662      380      
5        331      1082     1177     
6        1199     1053     656      
7        479      1191     437      
8        464      391      881      
9        793      611      981      
10       751      435      1055     
11       1137     536      1067     
12       589      1122     442      
13       890      921      700      
14       1182     1104     544      
15       822      821      1008     
16       848      715      859      
17       733      527      405      
18       574      539      813      
19       666      430      834      
20       1013     908      831      
21       479      709      612      
22       784      433      465      
23       358      398      1197     
24       718      916      1000     
25       635      372      493      
26       976      661      816      
27       541      697      371      
28       589      373      740      
29       581      989      413      
30       914      564      990      
31       823      844      1021     
32       536      737      906      
33       526      427      361      
34       403      945      870      
35       1104     871      564      
36       933      300      739      
37       934      669      1041     
38       400      776      508      
39       1152     486      438      
40       686      684      935      
41       852      1058     1141     
42       394      465      806      
43       968      987      1072     
44       772      959      338      
45       615      1049     1010     
46       709      625      413      
47       608      1180     960      
48       339      1179     1078     
49       778      501      358      
50       605      937      1028     
51       1013     971      435      
52       780      457      616      
53       511      630      1164     
54       628      379      416      
55       508      644      835      
56       1022     394      806      
57       1016     1185     644      
58       648      1082     468      
59       895      867      387      
60       452      790      450      
61       1110     917      783      
62       497      947      406      
63       414      377      628      
64       733      432      797      
65       1048     1052     454      
66       459      413      569      
67       812      938      650      
68       1000     591      926      
69       1019     302      570      
70       474      537      1020     
71       1006     788      535      
72       915      701      539      
73       618      923      732      
74       347      948      473      
75       782      437      634      
76       1139     306      604      
77       321      1136     1144     
78       990      352      899      
79       843      1096     927      
80       1025     514      311      
81       1002     451      1120     
82       1006     331      618      
83       1085     450      878      
84       1088     939      916      
85       762      1167     423      
86       719      1069     686      
87       910      1124     807      
88       697      487      1084     
89       313      1140     456      
90       730      1180     746      
91       1013     981      1144     
92       583      747      1152     
93       1196     938      1195     
94       737      922      569      
95       985      944      432      
96       1022     971      1021     
97       673      861      470      
98       485      1087     948      
99       657      661      1096     
100      891      865      919      
101      448      1174     1166     
102      947      783      672      
103      901      735      477      
104      1033     1169     695      
105      443      1163     542      
106      805      392      725      
107      1046     339      616      
108      1112     776      550      
109      737      970      817      
110      1063     1068     903      
111      761      701      1011     
112      358      389      348      
113      1090     415      515      
114      784      325      1129     
115      1078     630      839      
116      1175     1001     537      
117      1126     515      666      
118      947      668      618      
119      1045     781      1160     
120      897      860      492      
121      1012     1191     1164     
122      711      804      890      
123      1096     373      495      
124      769      688      331      
125      1128     956      1012     
126      969      836      885      
127      356      1106     848      
128      640      778      689      
129      1114     614      440      
130      474      680      871      
131      484      961      1019     
132      367      1155     406      
133      518      553      998      
134      648      357      1193     
135      564      869      1185     
136      1140     516      451      
137      492      891      845      
138      679      788      1027     
139      1073     402      597      
140      514      593      336      
141      1043     732      1033     
142      1141     869      802      
143      575      311      672      
144      1157     965      751      
145      909      332      505      
146      606      810      871      
147      993      744      964      
148      876      681      928      
149      1113     831      952      
150      336      1032     1176     
151      1176     307      633      
152      738      724      539      
153      923      340      803      
154      1141     613      477      
155      369      935      1118     
156      656      542      563      
157      798      1079     984      
158      764      627      978      
159      1168     923      965      
160      759      306      765      
161      1177     481      1019     
162      1062     440      844      
163      690      806      882      
164      884      1126     1017     
165      624      516      1028     
166      745      851      1191     
167      459      738      559      
168      486      378      1111     
169      421      938      923      
170      980      617      1150     
171      835      429      708      
172      426      346      857      
173      310      1137     1134     
174      646      312      1146     
175      516      988      984      
176      482      721      1164     
177      873      990      948      
178      730      932      424      
179      501      1118     383      
180      365      1053     769      
181      315      672      1199     
182      1027     951      421      
183      1169     561      569      
184      477      1115     964      
185      912      471      781      
186      536      1010     846      
187      352      840      1074     
188      931      813      1015     
189      301      892      1076     
190      716      677      617      
191      1131     994      578      
192      329      333      686      
193      432      498      960      
194      1028     803      1030     
195      942      964      540      
196      437      431      488      
197      303      489      557      
198      642      636      878      
199      1102     1199     355      
200      732      1196     821      
201      835      619      903      
202      678      413      1159     
203      336      1024     888      
204      1139     1057     480      
205      992      899      394      
206      1050     673      556      
207      394      667      653      
208      1023     347      381      
209      530      1025     423      
210      967      401      1190     
211      999      522      474      
212      1024     588      429      
213      827      605      1074     
214      963      412      710      
215      969      323      834      
216      934      371      644      
217      939      1170     604      
218      662      817      307      
219      813      551      875      
220      738      377      668      
221      474      1133     992      
222      863      890      402      
223      936      480      1032     
224      443      323      1150     
225      1078     987      854      
226      947      713      1062     
227      716      1075     1092     
228      725      1176     1002     
229      1123     1039     445      
230      435      785      837      
231      307      458      606      
232      994      314      383      
233      322      676      639      
234      896      723      894      
235      1193     1154     959      
236      326      590      396      
237      947      685      595      
238      776      410      978      
239      497      658      749      
240      1144     1141     588      
241      756      502      335      
242      938      706      591      
243      1139     571      732      
244      468      832      432      
245      997      414      1058     
246      921      1198     974      
247      405      558      305      
248      508      616      596      
249      527      359      1023     
250      568      742      793      
251      307      863      454      
252      617      896      533      
253      385      1008     618      
254      699      977      707      
255      478      911      1048     
256      672      681      367      
257      989      554      669      
258      573      706      348      
259      641      837      898      
260      642      490      466      
261      889      661      754      
262      824      1168     447      
263      1122     539      758      
264      926      380      669      
265      932      645      654      
266      1065     770      1010     
267      591      759      1070     
268      867      800      839      
269      526      354      998      
270      1039     1160     1026     
271      832      1062     1103     
272      1161     1140     987      
273      973      500      494      
274      395      1101     413      
275      580      1106     302      
276      379      734      1020     
277      493      1147     1067     
278      617      621      1153     
279      1150     995      539      
280      475      621      975      
281      364      1174     336      
282      1063     1199     479      
283      981      870      817      
284      408      1010     540      
285      849      990      381      
286      1196     332      924      
287      530      796      1094     
288      559      1108     871      
289      743      489      532      
290      902      458      828      
291      527      1099     595      
292      844      894      925      
293      474      326      1035     
294      1137     486      501      
295      720      1017     1194     
296      1118     897      471      
297      837      1179     820      
298      1014     637      1196     
299      450      988      701      
300      484      814      1008     
;



Table CP(j,w)    Capacidade produtiva de w em j
         1        2        3        
1        23040    23040    23040    
2        23040    23040    23040    
3        23040    23040    23040    
4        23040    23040    23040    
5        23040    23040    23040    
;



