sets
    j        periodos de programacao          /1*7/
    i        indice dos pedidos              /1*30/
    w        indice dos estagios produtivos  /1*3/
    ;

    Parameters

    beta
    /0.0/
    tau(i)   custo diario de atraso do pedido i
/
1	9
2	7
3	5
4	6
5	8
6	8
7	6
8	9
9	6
10	7
11	6
12	8
13	8
14	8
15	8
16	6
17	6
18	8
19	5
20	9
21	8
22	6
23	5
24	8
25	6
26	6
27	7
28	9
29	9
30	7
/

upsilon(w)       custo de operacao do setor produtivo w
/
1	3
2	2
3	7
/

d(i)     data de entrega de i
/
1	5
2	5
3	3
4	6
5	6
6	5
7	6
8	3
9	3
10	3
11	6
12	3
13	4
14	4
15	4
16	4
17	4
18	6
19	5
20	4
21	5
22	4
23	4
24	5
25	6
26	4
27	3
28	6
29	6
30	3
/
;
Table TP(i,w)    Tempo de processamento de i em w
         1        2        3        
1        1165     1001     728      
2        604      534      929      
3        1035     1198     679      
4        367      1152     393      
5        366      788      935      
6        582      490      785      
7        971      940      781      
8        805      585      821      
9        369      320      658      
10       1149     901      368      
11       747      696      859      
12       860      1073     1185     
13       550      753      918      
14       671      728      977      
15       545      930      638      
16       1127     1048     828      
17       537      617      754      
18       916      736      502      
19       311      776      1052     
20       663      958      1008     
21       306      624      1091     
22       450      591      307      
23       377      532      651      
24       713      503      656      
25       586      519      343      
26       845      1153     811      
27       493      1058     385      
28       312      1010     775      
29       461      898      463      
30       621      832      561      
;



Table CP(j,w)    Capacidade produtiva de w em j
         1        2        3        
1        23040    23040    23040    
2        23040    23040    23040    
3        23040    23040    23040    
4        23040    23040    23040    
5        23040    23040    23040    
6        23040    23040    23040    
7        23040    23040    23040    
;



