sets
    j        periodos de programacao          /1*7/
    i        indice dos pedidos              /1*300/
    w        indice dos estagios produtivos  /1*5/
    ;

    Parameters

    beta
    /0.0/
    tau(i)   custo diario de atraso do pedido i
/
1	9
2	5
3	7
4	5
5	9
6	7
7	9
8	9
9	5
10	8
11	9
12	9
13	8
14	5
15	8
16	8
17	9
18	6
19	6
20	9
21	5
22	6
23	8
24	5
25	6
26	8
27	5
28	7
29	6
30	5
31	6
32	8
33	8
34	6
35	9
36	8
37	9
38	8
39	5
40	8
41	7
42	6
43	5
44	5
45	5
46	8
47	7
48	7
49	6
50	7
51	5
52	7
53	8
54	7
55	5
56	7
57	5
58	9
59	9
60	8
61	7
62	5
63	9
64	8
65	8
66	6
67	7
68	9
69	9
70	9
71	9
72	5
73	6
74	7
75	9
76	9
77	7
78	7
79	5
80	6
81	6
82	6
83	8
84	8
85	5
86	5
87	6
88	7
89	8
90	7
91	9
92	6
93	9
94	8
95	5
96	9
97	5
98	7
99	8
100	8
101	7
102	9
103	7
104	9
105	8
106	8
107	7
108	8
109	6
110	5
111	8
112	6
113	7
114	9
115	8
116	7
117	7
118	6
119	7
120	8
121	5
122	6
123	5
124	7
125	9
126	9
127	5
128	7
129	9
130	8
131	5
132	6
133	9
134	5
135	9
136	6
137	6
138	9
139	7
140	7
141	5
142	5
143	9
144	8
145	8
146	9
147	9
148	6
149	6
150	5
151	5
152	9
153	8
154	5
155	6
156	8
157	8
158	9
159	9
160	5
161	5
162	7
163	9
164	6
165	8
166	8
167	6
168	8
169	5
170	8
171	7
172	7
173	8
174	9
175	8
176	9
177	7
178	7
179	6
180	6
181	7
182	8
183	9
184	7
185	7
186	6
187	8
188	5
189	9
190	9
191	6
192	5
193	7
194	6
195	9
196	5
197	8
198	5
199	9
200	7
201	9
202	5
203	5
204	5
205	8
206	5
207	7
208	5
209	5
210	8
211	9
212	7
213	7
214	7
215	9
216	6
217	6
218	6
219	5
220	6
221	7
222	7
223	6
224	5
225	7
226	6
227	5
228	7
229	9
230	8
231	6
232	7
233	8
234	5
235	6
236	6
237	9
238	9
239	8
240	6
241	6
242	9
243	7
244	7
245	8
246	8
247	9
248	9
249	7
250	9
251	7
252	5
253	8
254	6
255	7
256	5
257	9
258	9
259	7
260	8
261	6
262	7
263	8
264	9
265	7
266	7
267	5
268	6
269	6
270	9
271	6
272	9
273	8
274	8
275	7
276	6
277	6
278	9
279	6
280	9
281	5
282	6
283	5
284	6
285	8
286	9
287	7
288	6
289	9
290	8
291	9
292	9
293	9
294	8
295	7
296	6
297	9
298	9
299	8
300	6
/

upsilon(w)       custo de operacao do setor produtivo w
/
1	5
2	9
3	9
4	7
5	4
/

d(i)     data de entrega de i
/
1	5
2	6
3	6
4	5
5	5
6	6
7	5
8	5
9	5
10	5
11	6
12	5
13	6
14	6
15	5
16	5
17	6
18	6
19	6
20	5
21	6
22	5
23	5
24	5
25	5
26	5
27	6
28	5
29	5
30	5
31	6
32	5
33	6
34	5
35	5
36	5
37	5
38	6
39	5
40	5
41	6
42	6
43	5
44	5
45	5
46	6
47	5
48	5
49	5
50	6
51	5
52	6
53	5
54	5
55	5
56	5
57	6
58	6
59	6
60	6
61	5
62	5
63	6
64	5
65	6
66	5
67	6
68	5
69	5
70	5
71	5
72	5
73	5
74	6
75	5
76	5
77	5
78	5
79	6
80	5
81	6
82	5
83	6
84	5
85	6
86	5
87	6
88	5
89	6
90	5
91	5
92	6
93	6
94	5
95	6
96	6
97	5
98	5
99	5
100	6
101	5
102	5
103	5
104	6
105	5
106	6
107	6
108	5
109	6
110	6
111	6
112	5
113	6
114	6
115	5
116	6
117	6
118	6
119	6
120	6
121	5
122	5
123	5
124	5
125	5
126	6
127	6
128	6
129	5
130	6
131	5
132	6
133	5
134	6
135	6
136	5
137	5
138	5
139	5
140	6
141	6
142	5
143	5
144	6
145	6
146	5
147	6
148	5
149	5
150	6
151	5
152	6
153	6
154	6
155	5
156	6
157	5
158	5
159	6
160	6
161	5
162	6
163	6
164	5
165	5
166	5
167	5
168	6
169	5
170	6
171	6
172	5
173	5
174	6
175	5
176	6
177	6
178	5
179	5
180	5
181	5
182	5
183	6
184	6
185	5
186	5
187	5
188	6
189	5
190	6
191	6
192	5
193	6
194	6
195	6
196	6
197	5
198	5
199	6
200	6
201	6
202	5
203	5
204	5
205	6
206	5
207	6
208	6
209	5
210	6
211	6
212	6
213	5
214	6
215	5
216	6
217	5
218	6
219	6
220	6
221	6
222	5
223	5
224	5
225	6
226	6
227	6
228	5
229	5
230	5
231	5
232	6
233	6
234	6
235	5
236	5
237	5
238	6
239	5
240	5
241	6
242	5
243	5
244	6
245	6
246	6
247	5
248	6
249	5
250	6
251	5
252	6
253	5
254	6
255	6
256	5
257	6
258	6
259	5
260	5
261	6
262	6
263	6
264	5
265	6
266	6
267	5
268	6
269	5
270	5
271	6
272	5
273	6
274	5
275	5
276	5
277	6
278	5
279	5
280	6
281	5
282	5
283	5
284	6
285	5
286	5
287	5
288	6
289	6
290	6
291	5
292	5
293	5
294	5
295	5
296	5
297	6
298	6
299	6
300	6
/
;
Table TP(i,w)    Tempo de processamento de i em w
         1        2        3        4        5        
1        331      621      450      650      642      
2        660      563      1137     814      1049     
3        718      414      974      894      1146     
4        353      1148     1185     320      843      
5        658      886      681      1068     374      
6        579      1014     706      475      637      
7        959      812      1096     395      563      
8        1140     1160     719      387      753      
9        1049     464      357      1029     1062     
10       459      331      413      1034     532      
11       921      637      1015     1184     847      
12       842      426      590      1103     547      
13       493      705      371      363      999      
14       710      356      1056     403      1093     
15       529      800      1055     1114     738      
16       882      741      638      441      374      
17       599      806      867      644      371      
18       676      1027     510      479      721      
19       798      364      773      680      1070     
20       568      303      579      1156     615      
21       667      516      1058     398      458      
22       1075     691      404      1056     667      
23       891      376      881      1085     953      
24       976      906      431      548      962      
25       788      1111     820      566      437      
26       599      1061     342      929      980      
27       755      512      625      904      376      
28       441      998      879      1065     849      
29       911      912      1066     616      1045     
30       1105     729      923      672      851      
31       470      334      350      869      725      
32       579      307      422      504      1052     
33       877      1021     999      637      964      
34       798      766      757      819      1106     
35       606      310      910      309      755      
36       546      563      1174     1129     799      
37       686      797      1147     970      427      
38       716      837      776      776      837      
39       842      1158     1073     556      560      
40       474      352      941      540      567      
41       344      1033     718      371      400      
42       912      1059     569      984      725      
43       1102     1153     1089     959      874      
44       1065     1068     901      800      820      
45       872      521      703      763      504      
46       357      921      1129     679      786      
47       462      320      1086     989      493      
48       803      655      610      481      785      
49       334      1178     366      603      1161     
50       530      482      1002     695      698      
51       1149     415      1007     845      450      
52       828      726      531      714      820      
53       484      438      357      367      720      
54       971      1094     936      328      1150     
55       1111     543      1025     795      613      
56       522      346      844      382      1196     
57       934      1031     605      1102     415      
58       493      637      856      451      688      
59       455      332      613      930      850      
60       602      737      711      349      488      
61       1098     805      702      631      428      
62       1045     1033     1032     1154     907      
63       548      738      1097     946      1128     
64       849      878      816      671      337      
65       1137     1123     672      962      601      
66       602      1084     1013     315      348      
67       570      983      323      726      351      
68       1142     469      501      1117     992      
69       573      643      401      804      507      
70       905      711      765      989      704      
71       1185     558      567      646      426      
72       1074     458      873      453      1094     
73       846      602      353      939      851      
74       988      689      817      699      693      
75       871      848      440      635      806      
76       521      725      422      753      915      
77       918      1105     357      1105     340      
78       1172     650      472      476      885      
79       852      1069     839      925      691      
80       750      513      696      1095     613      
81       487      1076     965      332      540      
82       538      617      1078     763      784      
83       1111     1162     315      1180     517      
84       773      627      618      903      1000     
85       625      729      607      835      521      
86       547      870      377      966      1078     
87       433      1038     778      520      1074     
88       1083     618      482      336      670      
89       632      771      643      667      450      
90       441      642      1118     427      549      
91       1200     1049     670      778      815      
92       591      779      309      706      495      
93       1160     684      776      701      1107     
94       629      845      535      995      414      
95       326      734      554      893      979      
96       1033     897      444      806      925      
97       1198     784      414      769      1131     
98       374      468      828      642      839      
99       912      1061     704      771      638      
100      657      748      611      1113     472      
101      469      477      393      762      643      
102      722      471      1053     962      626      
103      505      891      1173     1026     1077     
104      1033     992      1058     351      643      
105      570      1191     895      484      379      
106      363      1196     551      971      991      
107      1072     574      914      993      1023     
108      899      808      378      642      1199     
109      542      1045     485      534      629      
110      939      576      1077     838      470      
111      468      486      1024     1044     375      
112      942      1162     465      332      597      
113      821      589      1016     574      1036     
114      724      792      306      678      1083     
115      1196     1106     1159     670      886      
116      362      672      1015     862      350      
117      1064     1178     803      737      757      
118      1143     321      894      594      493      
119      366      487      564      892      413      
120      855      1194     316      804      718      
121      704      1176     806      1099     345      
122      757      1152     328      992      436      
123      904      885      798      784      420      
124      1089     617      844      340      315      
125      877      1048     1068     604      603      
126      742      503      814      701      613      
127      986      402      1199     491      445      
128      379      887      827      1041     327      
129      1187     322      782      440      543      
130      329      461      437      555      874      
131      455      578      760      776      816      
132      571      594      995      558      842      
133      472      519      532      1193     661      
134      733      857      787      384      905      
135      393      1100     905      683      954      
136      755      560      1194     382      1098     
137      1140     1198     1164     1075     966      
138      882      401      953      1164     427      
139      590      746      1050     923      1083     
140      789      571      309      462      563      
141      448      730      738      311      523      
142      909      897      1018     669      1096     
143      852      466      804      979      550      
144      444      837      1022     538      1002     
145      435      605      657      1070     1132     
146      1090     398      917      334      867      
147      563      1133     997      533      1054     
148      640      987      1181     742      449      
149      927      1036     829      1155     384      
150      499      662      1081     974      464      
151      371      506      462      356      367      
152      602      1002     1076     1018     578      
153      707      419      402      820      858      
154      1142     979      1089     406      1017     
155      624      856      407      1074     352      
156      501      920      542      602      603      
157      501      961      375      425      769      
158      1033     960      992      1033     1123     
159      512      600      643      1001     1080     
160      774      1154     779      1010     567      
161      925      694      661      928      874      
162      387      1195     313      1198     963      
163      569      667      967      827      417      
164      731      540      648      777      463      
165      567      1001     521      1172     1140     
166      873      394      971      845      1096     
167      984      1049     1026     638      1167     
168      1146     993      593      1037     339      
169      536      776      1173     353      1002     
170      479      369      1093     1006     389      
171      855      637      321      349      483      
172      415      844      937      812      969      
173      1113     355      326      1021     458      
174      766      571      316      1055     524      
175      498      1197     942      1195     698      
176      514      357      514      898      549      
177      369      1195     398      642      318      
178      945      487      497      527      605      
179      638      598      893      816      432      
180      1009     817      1164     1005     801      
181      689      800      637      1183     419      
182      654      874      403      528      332      
183      326      1128     375      1189     496      
184      968      915      846      728      895      
185      931      1156     1170     897      423      
186      992      995      1087     856      535      
187      850      379      697      767      368      
188      307      917      383      359      1116     
189      476      839      1126     447      856      
190      1006     775      863      1092     737      
191      1182     785      667      986      916      
192      461      535      1025     982      412      
193      451      1200     799      1086     535      
194      1075     1173     510      382      975      
195      919      578      492      588      1024     
196      493      940      410      1030     563      
197      1118     382      707      1092     1132     
198      453      791      632      459      794      
199      1059     409      703      707      802      
200      740      1026     1007     1083     727      
201      597      906      575      640      1139     
202      487      560      1090     420      503      
203      969      612      401      583      513      
204      738      1126     580      784      525      
205      583      436      937      544      618      
206      589      1067     650      1079     623      
207      351      719      681      561      763      
208      1133     691      989      633      859      
209      1145     705      664      633      837      
210      1145     921      504      990      1151     
211      731      830      981      384      1136     
212      738      511      1047     491      387      
213      786      848      584      378      1031     
214      369      388      971      807      549      
215      420      542      561      718      389      
216      1070     815      820      1086     689      
217      681      1100     573      712      798      
218      1050     327      1192     664      1131     
219      1144     530      1098     1048     990      
220      787      553      788      596      629      
221      1066     1075     693      1177     584      
222      721      1100     643      1068     482      
223      962      1158     696      785      1094     
224      536      851      358      414      1003     
225      372      311      358      684      775      
226      593      1145     907      1113     847      
227      929      1060     300      997      1131     
228      507      1108     441      859      468      
229      576      1031     1153     970      791      
230      570      788      425      1007     947      
231      901      1078     901      515      314      
232      748      356      518      1185     1118     
233      1137     773      709      314      904      
234      329      889      1175     864      440      
235      828      378      457      334      672      
236      612      499      436      656      707      
237      485      525      1116     344      597      
238      623      1197     1050     968      351      
239      355      309      692      664      658      
240      966      647      557      315      690      
241      1046     902      569      1022     793      
242      770      434      478      653      680      
243      938      992      557      655      509      
244      1129     821      616      360      953      
245      507      378      945      827      1112     
246      911      992      599      953      1053     
247      842      773      646      944      779      
248      763      447      1169     615      670      
249      479      1076     319      857      332      
250      806      425      1173     805      1165     
251      717      645      739      1164     756      
252      780      762      759      887      1188     
253      1030     405      667      550      738      
254      676      1148     1088     308      877      
255      330      934      401      1122     376      
256      382      950      439      369      651      
257      530      481      821      587      611      
258      567      559      959      1086     1115     
259      646      1025     546      1192     740      
260      1077     1154     378      355      646      
261      503      440      949      1134     996      
262      325      1046     850      381      892      
263      965      517      1193     690      1034     
264      1065     1103     1060     1021     894      
265      1132     393      991      823      839      
266      1149     658      300      541      979      
267      443      626      1151     490      769      
268      593      491      451      658      845      
269      623      838      1166     1123     783      
270      376      740      940      773      664      
271      626      422      502      909      799      
272      883      889      1128     348      868      
273      916      1152     1113     863      983      
274      1166     941      1052     941      318      
275      1193     396      671      1151     990      
276      599      838      784      903      552      
277      943      587      582      571      622      
278      1052     738      587      381      560      
279      1183     740      699      1196     659      
280      502      966      344      1033     358      
281      303      536      455      496      491      
282      1009     1115     301      982      307      
283      1166     308      1151     1175     332      
284      799      971      303      523      1018     
285      691      517      525      398      370      
286      311      450      999      529      768      
287      648      1077     793      912      507      
288      918      836      792      658      694      
289      861      608      891      431      1109     
290      699      461      898      485      818      
291      1168     772      990      893      589      
292      979      1066     1194     486      580      
293      452      380      1016     453      438      
294      306      927      602      1147     892      
295      423      375      1067     669      676      
296      577      868      549      563      537      
297      766      1018     979      858      1005     
298      300      956      1117     846      833      
299      571      1169     475      870      355      
300      755      733      780      1044     512      
;



Table CP(j,w)    Capacidade produtiva de w em j
         1        2        3        4        5        
1        23040    23040    23040    23040    23040    
2        23040    23040    23040    23040    23040    
3        23040    23040    23040    23040    23040    
4        23040    23040    23040    23040    23040    
5        23040    23040    23040    23040    23040    
6        23040    23040    23040    23040    23040    
7        23040    23040    23040    23040    23040    
;



