sets
    j        periodos de programacao          /1*9/
    i        indice dos pedidos              /1*200/
    w        indice dos estagios produtivos  /1*5/
    ;

    Parameters

    beta
    /0.0/
    tau(i)   custo diario de atraso do pedido i
/
1	7
2	5
3	5
4	9
5	6
6	5
7	9
8	5
9	6
10	6
11	5
12	6
13	6
14	5
15	5
16	7
17	8
18	7
19	9
20	8
21	9
22	5
23	6
24	8
25	7
26	7
27	7
28	7
29	7
30	8
31	8
32	8
33	6
34	9
35	9
36	6
37	7
38	8
39	8
40	7
41	6
42	6
43	8
44	8
45	7
46	7
47	7
48	9
49	5
50	5
51	6
52	5
53	9
54	9
55	5
56	5
57	6
58	9
59	7
60	6
61	8
62	9
63	7
64	9
65	5
66	6
67	5
68	5
69	8
70	7
71	7
72	9
73	5
74	8
75	5
76	5
77	5
78	8
79	7
80	9
81	7
82	6
83	5
84	5
85	6
86	7
87	7
88	7
89	8
90	5
91	8
92	5
93	9
94	5
95	7
96	6
97	8
98	9
99	8
100	5
101	5
102	8
103	6
104	7
105	9
106	6
107	8
108	6
109	8
110	9
111	7
112	6
113	8
114	5
115	6
116	7
117	9
118	5
119	6
120	9
121	6
122	7
123	8
124	5
125	6
126	6
127	8
128	8
129	5
130	9
131	6
132	5
133	8
134	6
135	7
136	8
137	9
138	8
139	7
140	7
141	7
142	9
143	5
144	7
145	7
146	9
147	8
148	5
149	9
150	7
151	7
152	9
153	8
154	5
155	8
156	7
157	6
158	6
159	8
160	6
161	9
162	6
163	9
164	6
165	7
166	9
167	7
168	5
169	5
170	6
171	9
172	7
173	6
174	5
175	7
176	8
177	5
178	6
179	5
180	9
181	8
182	8
183	8
184	6
185	8
186	6
187	9
188	8
189	5
190	7
191	7
192	9
193	5
194	8
195	7
196	9
197	8
198	8
199	7
200	8
/

upsilon(w)       custo de operacao do setor produtivo w
/
1	3
2	9
3	2
4	9
5	7
/

d(i)     data de entrega de i
/
1	7
2	8
3	8
4	8
5	8
6	6
7	8
8	8
9	7
10	8
11	6
12	7
13	7
14	7
15	7
16	5
17	6
18	7
19	7
20	7
21	6
22	7
23	8
24	5
25	5
26	6
27	6
28	7
29	6
30	5
31	8
32	5
33	7
34	8
35	5
36	7
37	7
38	5
39	5
40	7
41	5
42	8
43	7
44	7
45	7
46	5
47	6
48	8
49	6
50	5
51	8
52	8
53	8
54	8
55	7
56	7
57	5
58	8
59	5
60	5
61	7
62	5
63	7
64	6
65	8
66	5
67	7
68	7
69	5
70	6
71	8
72	8
73	8
74	5
75	7
76	6
77	5
78	7
79	6
80	7
81	5
82	5
83	8
84	7
85	7
86	8
87	8
88	5
89	8
90	8
91	6
92	7
93	5
94	5
95	5
96	7
97	8
98	6
99	7
100	5
101	8
102	6
103	6
104	8
105	8
106	7
107	8
108	7
109	5
110	6
111	7
112	6
113	5
114	6
115	6
116	5
117	7
118	8
119	5
120	6
121	8
122	6
123	8
124	6
125	5
126	6
127	5
128	7
129	5
130	6
131	5
132	5
133	7
134	6
135	8
136	6
137	7
138	5
139	8
140	7
141	8
142	6
143	8
144	6
145	5
146	8
147	7
148	8
149	8
150	7
151	6
152	7
153	7
154	7
155	5
156	8
157	7
158	6
159	7
160	5
161	8
162	7
163	8
164	6
165	6
166	5
167	7
168	5
169	6
170	7
171	7
172	5
173	8
174	7
175	7
176	5
177	7
178	5
179	7
180	8
181	6
182	6
183	8
184	5
185	6
186	6
187	6
188	6
189	8
190	7
191	7
192	5
193	7
194	6
195	7
196	5
197	8
198	8
199	8
200	7
/
;
Table TP(i,w)    Tempo de processamento de i em w
         1        2        3        4        5        
1        704      833      741      335      1044     
2        1028     1040     939      315      367      
3        1165     376      879      789      1103     
4        763      731      1057     906      940      
5        852      746      770      638      822      
6        698      645      386      718      528      
7        1132     640      320      1063     498      
8        898      984      1018     915      937      
9        1038     380      1100     410      323      
10       575      864      417      953      515      
11       322      544      1027     525      1038     
12       1122     1069     844      620      1106     
13       443      545      585      919      773      
14       1142     534      490      607      1140     
15       738      939      646      471      865      
16       917      1125     596      1022     882      
17       491      451      505      1085     716      
18       1111     494      675      618      584      
19       515      639      1103     1031     805      
20       404      978      1064     724      901      
21       313      873      1079     709      610      
22       308      727      635      595      348      
23       995      1021     765      600      1177     
24       925      1188     602      942      1110     
25       962      638      567      505      584      
26       745      688      1195     978      566      
27       566      490      1160     907      639      
28       610      1127     1162     322      424      
29       1153     923      968      718      934      
30       300      453      747      618      1137     
31       1151     975      451      364      597      
32       635      416      386      745      329      
33       384      827      354      1023     774      
34       1034     514      387      931      1126     
35       558      633      400      539      506      
36       1150     1081     385      376      698      
37       312      483      498      1073     422      
38       662      1096     338      788      639      
39       1030     962      531      1143     355      
40       607      939      711      1135     1100     
41       699      611      1160     353      1161     
42       1178     326      1101     523      408      
43       1157     449      549      793      1182     
44       568      457      686      388      315      
45       1074     1120     544      437      585      
46       1118     922      509      494      707      
47       1188     406      339      685      728      
48       307      840      465      761      587      
49       714      699      717      815      531      
50       636      408      868      1155     688      
51       1016     580      709      1157     944      
52       1185     379      995      591      623      
53       352      454      723      440      1007     
54       465      523      565      732      927      
55       973      855      878      486      617      
56       1176     1109     623      771      1043     
57       518      1196     406      453      568      
58       424      800      609      569      585      
59       686      499      355      765      1130     
60       470      1066     424      345      915      
61       464      714      1001     997      806      
62       1173     562      374      336      1132     
63       977      329      1162     1158     349      
64       585      444      543      833      736      
65       947      725      601      904      465      
66       1090     462      569      1030     928      
67       740      1167     566      952      629      
68       845      836      1180     980      1059     
69       889      1155     988      1013     847      
70       771      563      958      762      1178     
71       588      489      1064     323      682      
72       357      412      1159     711      309      
73       426      1162     751      544      460      
74       350      964      516      400      447      
75       825      859      856      630      727      
76       830      902      1104     1092     435      
77       872      398      858      1154     626      
78       587      1117     991      616      572      
79       882      615      665      618      733      
80       1094     457      398      1031     870      
81       483      501      413      898      1197     
82       1025     378      584      1029     1115     
83       793      575      568      1178     845      
84       1174     1084     1073     898      381      
85       1042     535      351      597      869      
86       794      1134     684      828      380      
87       342      1048     440      1004     590      
88       972      695      1006     652      341      
89       488      511      917      568      301      
90       1141     762      1012     595      607      
91       516      981      671      934      572      
92       714      634      938      991      504      
93       1119     1058     1105     365      870      
94       641      330      752      1034     1019     
95       987      509      714      1092     815      
96       548      318      1056     994      690      
97       1056     365      395      394      1171     
98       740      414      354      436      1125     
99       913      983      520      798      1025     
100      911      781      583      786      433      
101      998      616      737      1044     1036     
102      489      477      1049     335      981      
103      402      434      748      851      660      
104      488      1171     538      759      1129     
105      1132     621      372      376      565      
106      1179     810      460      1140     386      
107      706      558      433      749      848      
108      348      927      454      1185     316      
109      315      1011     1134     1177     599      
110      353      756      1113     1104     498      
111      854      847      771      699      404      
112      596      382      418      1102     458      
113      719      476      835      1196     1095     
114      416      623      781      779      971      
115      442      1071     796      1187     1102     
116      883      1128     689      869      475      
117      381      743      366      444      792      
118      741      865      1035     639      767      
119      1107     423      415      328      569      
120      801      414      818      500      569      
121      741      840      387      700      538      
122      677      907      1161     669      401      
123      1084     651      770      679      673      
124      752      754      802      920      1158     
125      767      554      712      1166     600      
126      1037     908      322      378      779      
127      1042     898      875      577      369      
128      676      676      899      998      429      
129      661      1164     629      613      715      
130      800      642      563      325      1013     
131      899      859      1042     546      1188     
132      892      340      675      825      1040     
133      966      614      988      520      347      
134      623      441      579      1198     870      
135      1102     1010     376      719      912      
136      611      571      1141     624      472      
137      919      717      1140     1192     1069     
138      862      935      1129     593      512      
139      1045     932      516      1078     451      
140      881      418      769      801      368      
141      593      948      1017     821      1076     
142      979      775      376      313      407      
143      1042     1148     533      699      1004     
144      341      1196     456      602      750      
145      998      468      1023     545      445      
146      718      756      952      1056     709      
147      703      453      439      780      1016     
148      656      750      734      785      646      
149      308      677      965      866      828      
150      383      568      688      671      401      
151      674      895      551      364      895      
152      946      381      622      339      763      
153      377      1033     1027     797      1068     
154      419      391      446      487      1046     
155      628      1034     646      1023     682      
156      819      765      439      1164     735      
157      451      1050     861      780      946      
158      605      817      807      1191     347      
159      472      644      1161     633      397      
160      549      987      338      544      976      
161      365      1105     640      556      1077     
162      1171     1146     721      428      1120     
163      946      748      513      356      656      
164      301      323      1139     319      672      
165      767      877      506      933      476      
166      740      1038     1138     680      630      
167      331      957      518      1072     472      
168      1039     816      934      1154     532      
169      957      1146     721      628      548      
170      415      1170     1059     840      1198     
171      852      764      335      510      1056     
172      1050     1188     567      906      870      
173      862      784      939      323      472      
174      567      1189     972      329      459      
175      688      1059     608      783      486      
176      1058     700      905      520      695      
177      1025     800      1028     697      764      
178      646      806      958      1097     755      
179      319      614      631      1059     571      
180      1041     343      1097     714      312      
181      1035     614      1199     727      986      
182      542      901      357      534      710      
183      448      457      1140     389      334      
184      426      304      631      462      824      
185      451      944      929      567      1169     
186      1120     1043     467      522      794      
187      381      1072     634      382      983      
188      869      572      363      368      876      
189      389      797      636      915      946      
190      964      881      578      840      840      
191      1114     805      371      652      377      
192      435      727      306      1095     433      
193      1082     827      669      743      1065     
194      469      536      560      933      1070     
195      1122     976      413      506      661      
196      601      767      1020     748      972      
197      1184     352      894      1020     1104     
198      1116     843      802      757      474      
199      360      1160     753      769      1040     
200      697      695      1027     611      657      
;



Table CP(j,w)    Capacidade produtiva de w em j
         1        2        3        4        5        
1        23040    23040    23040    23040    23040    
2        23040    23040    23040    23040    23040    
3        23040    23040    23040    23040    23040    
4        23040    23040    23040    23040    23040    
5        23040    23040    23040    23040    23040    
6        23040    23040    23040    23040    23040    
7        23040    23040    23040    23040    23040    
8        23040    23040    23040    23040    23040    
9        23040    23040    23040    23040    23040    
;



