sets
    j        periodos de programacao          /1*9/
    i        indice dos pedidos              /1*30/
    w        indice dos estagios produtivos  /1*7/
    ;

    Parameters

    beta
    /0.0/
    tau(i)   custo diario de atraso do pedido i
/
1	6
2	5
3	7
4	6
5	6
6	7
7	6
8	7
9	8
10	5
11	5
12	5
13	8
14	8
15	6
16	7
17	9
18	5
19	6
20	5
21	9
22	6
23	6
24	9
25	6
26	5
27	7
28	7
29	9
30	6
/

upsilon(w)       custo de operacao do setor produtivo w
/
1	8
2	6
3	4
4	2
5	5
6	2
7	3
/

d(i)     data de entrega de i
/
1	8
2	7
3	8
4	7
5	8
6	7
7	8
8	7
9	7
10	7
11	7
12	7
13	7
14	7
15	8
16	7
17	8
18	7
19	8
20	7
21	7
22	8
23	7
24	8
25	7
26	7
27	8
28	7
29	8
30	7
/
;
Table TP(i,w)    Tempo de processamento de i em w
         1        2        3        4        5        6        7        
1        639      1102     310      574      1175     546      655      
2        926      1155     763      999      1024     1096     660      
3        804      847      530      898      367      957      1108     
4        334      929      1102     582      837      540      528      
5        448      329      1170     1044     357      864      1194     
6        1055     306      985      693      895      634      305      
7        852      897      667      804      344      843      1102     
8        470      719      792      367      1131     706      706      
9        1126     625      394      1069     792      1038     1003     
10       999      1178     828      1163     712      346      375      
11       1110     519      845      380      485      1018     875      
12       688      418      699      1184     382      764      518      
13       420      852      448      1053     1139     839      945      
14       575      1022     852      444      1170     764      567      
15       702      533      481      672      822      1191     401      
16       1094     467      960      874      403      698      696      
17       857      620      495      865      905      799      596      
18       877      405      615      1132     677      904      788      
19       1108     1070     837      629      698      918      568      
20       431      571      465      685      695      340      1054     
21       1184     487      846      897      916      358      962      
22       1034     962      406      1028     924      672      923      
23       972      487      1159     760      386      568      729      
24       1034     1103     1036     997      823      1098     670      
25       498      381      875      1133     445      922      743      
26       521      513      517      795      798      1176     1045     
27       832      460      1111     976      1134     1082     436      
28       1122     728      720      1165     442      898      1119     
29       1136     344      402      739      1056     1011     743      
30       672      890      466      1063     1064     503      612      
;



Table CP(j,w)    Capacidade produtiva de w em j
         1        2        3        4        5        6        7        
1        23040    23040    23040    23040    23040    23040    23040    
2        23040    23040    23040    23040    23040    23040    23040    
3        23040    23040    23040    23040    23040    23040    23040    
4        23040    23040    23040    23040    23040    23040    23040    
5        23040    23040    23040    23040    23040    23040    23040    
6        23040    23040    23040    23040    23040    23040    23040    
7        23040    23040    23040    23040    23040    23040    23040    
8        23040    23040    23040    23040    23040    23040    23040    
9        23040    23040    23040    23040    23040    23040    23040    
;



