sets
    j        periodos de programacao          /1*9/
    i        indice dos pedidos              /1*30/
    w        indice dos estagios produtivos  /1*5/
    ;

    Parameters

    beta
    /0.0/
    tau(i)   custo diario de atraso do pedido i
/
1	8
2	9
3	6
4	8
5	5
6	8
7	8
8	6
9	6
10	8
11	9
12	5
13	5
14	8
15	9
16	7
17	9
18	8
19	6
20	8
21	7
22	7
23	7
24	8
25	6
26	9
27	6
28	9
29	7
30	5
/

upsilon(w)       custo de operacao do setor produtivo w
/
1	6
2	4
3	3
4	8
5	8
/

d(i)     data de entrega de i
/
1	6
2	8
3	7
4	6
5	6
6	6
7	7
8	8
9	5
10	5
11	5
12	7
13	7
14	8
15	6
16	6
17	7
18	6
19	6
20	6
21	7
22	5
23	7
24	6
25	6
26	5
27	6
28	8
29	7
30	7
/
;
Table TP(i,w)    Tempo de processamento de i em w
         1        2        3        4        5        
1        1069     761      731      1041     592      
2        1009     1197     1126     849      858      
3        481      784      691      769      913      
4        930      768      893      410      470      
5        698      966      427      370      532      
6        587      644      953      409      440      
7        759      936      616      970      966      
8        834      1059     457      693      1167     
9        321      1056     1053     871      1110     
10       741      957      1019     523      1073     
11       870      984      635      906      759      
12       790      978      733      1073     363      
13       648      439      460      1034     991      
14       835      553      865      1134     1170     
15       1143     573      1196     737      1131     
16       589      864      949      484      933      
17       658      636      448      501      659      
18       637      1036     1028     844      856      
19       646      1030     537      1117     493      
20       690      330      300      339      841      
21       738      1153     743      960      530      
22       1194     825      718      369      898      
23       885      1004     687      1032     558      
24       527      1102     910      1116     420      
25       934      734      884      896      988      
26       918      938      1023     619      1191     
27       465      1170     373      590      896      
28       780      1138     1067     314      1001     
29       484      705      1143     1088     1015     
30       606      952      1188     626      353      
;



Table CP(j,w)    Capacidade produtiva de w em j
         1        2        3        4        5        
1        23040    23040    23040    23040    23040    
2        23040    23040    23040    23040    23040    
3        23040    23040    23040    23040    23040    
4        23040    23040    23040    23040    23040    
5        23040    23040    23040    23040    23040    
6        23040    23040    23040    23040    23040    
7        23040    23040    23040    23040    23040    
8        23040    23040    23040    23040    23040    
9        23040    23040    23040    23040    23040    
;



