sets
    j        periodos de programacao          /1*7/
    i        indice dos pedidos              /1*50/
    w        indice dos estagios produtivos  /1*3/
    ;

    Parameters

    beta
    /0.0/
    tau(i)   custo diario de atraso do pedido i
/
1	9
2	9
3	6
4	7
5	9
6	8
7	6
8	8
9	9
10	6
11	6
12	5
13	7
14	9
15	7
16	6
17	7
18	8
19	7
20	6
21	6
22	5
23	7
24	9
25	6
26	7
27	8
28	7
29	8
30	8
31	6
32	5
33	8
34	5
35	5
36	6
37	5
38	6
39	8
40	6
41	7
42	8
43	6
44	7
45	6
46	5
47	8
48	9
49	9
50	7
/

upsilon(w)       custo de operacao do setor produtivo w
/
1	5
2	5
3	3
/

d(i)     data de entrega de i
/
1	6
2	4
3	6
4	4
5	5
6	6
7	3
8	3
9	5
10	5
11	6
12	4
13	6
14	4
15	3
16	4
17	3
18	5
19	3
20	6
21	6
22	5
23	3
24	5
25	6
26	3
27	6
28	3
29	4
30	6
31	4
32	4
33	6
34	4
35	4
36	4
37	6
38	5
39	3
40	4
41	6
42	4
43	6
44	4
45	5
46	5
47	4
48	5
49	6
50	4
/
;
Table TP(i,w)    Tempo de processamento de i em w
         1        2        3        
1        863      412      1139     
2        580      363      352      
3        957      514      999      
4        566      891      504      
5        1181     854      659      
6        913      659      518      
7        432      546      1175     
8        617      1166     1102     
9        672      630      804      
10       482      782      725      
11       993      492      301      
12       1153     555      1102     
13       344      1010     1178     
14       699      1055     474      
15       534      459      338      
16       706      649      776      
17       351      818      874      
18       1009     893      717      
19       1030     446      538      
20       1071     308      1076     
21       987      1031     884      
22       493      766      332      
23       961      838      807      
24       940      840      563      
25       586      952      734      
26       597      1135     585      
27       430      635      327      
28       384      322      1150     
29       620      548      754      
30       893      920      1082     
31       861      525      580      
32       473      611      543      
33       1138     566      1056     
34       609      384      349      
35       645      627      489      
36       702      803      512      
37       354      990      903      
38       1033     708      467      
39       752      577      1174     
40       727      862      383      
41       1091     981      915      
42       403      319      661      
43       313      890      628      
44       692      722      1187     
45       555      916      730      
46       331      523      437      
47       953      938      542      
48       604      919      1154     
49       728      696      660      
50       1168     849      900      
;



Table CP(j,w)    Capacidade produtiva de w em j
         1        2        3        
1        23040    23040    23040    
2        23040    23040    23040    
3        23040    23040    23040    
4        23040    23040    23040    
5        23040    23040    23040    
6        23040    23040    23040    
7        23040    23040    23040    
;



