sets
    j        periodos de programacao          /1*7/
    i        indice dos pedidos              /1*30/
    w        indice dos estagios produtivos  /1*3/
    ;

    Parameters

    beta
    /0.0/
    tau(i)   custo diario de atraso do pedido i
/
1	6
2	6
3	8
4	9
5	9
6	9
7	6
8	7
9	6
10	9
11	9
12	9
13	5
14	6
15	8
16	9
17	5
18	7
19	6
20	6
21	6
22	6
23	7
24	8
25	6
26	9
27	6
28	6
29	6
30	5
/

upsilon(w)       custo de operacao do setor produtivo w
/
1	2
2	4
3	4
/

d(i)     data de entrega de i
/
1	5
2	5
3	6
4	4
5	6
6	5
7	5
8	5
9	5
10	5
11	4
12	3
13	3
14	3
15	6
16	4
17	5
18	4
19	5
20	4
21	5
22	3
23	6
24	3
25	3
26	4
27	5
28	4
29	4
30	3
/
;
Table TP(i,w)    Tempo de processamento de i em w
         1        2        3        
1        1191     903      789      
2        1143     606      333      
3        574      358      753      
4        505      900      780      
5        638      893      610      
6        986      808      858      
7        1196     588      732      
8        1154     942      1081     
9        380      1150     770      
10       954      619      1178     
11       710      1133     618      
12       940      1111     997      
13       409      654      390      
14       1116     533      1183     
15       952      1120     588      
16       352      837      1014     
17       590      1112     781      
18       460      716      1008     
19       1056     415      898      
20       736      681      1193     
21       1168     856      1159     
22       877      1163     1031     
23       611      690      935      
24       1137     521      850      
25       839      1059     887      
26       818      652      807      
27       451      328      1046     
28       732      551      863      
29       677      410      677      
30       362      438      408      
;



Table CP(j,w)    Capacidade produtiva de w em j
         1        2        3        
1        23040    23040    23040    
2        23040    23040    23040    
3        23040    23040    23040    
4        23040    23040    23040    
5        23040    23040    23040    
6        23040    23040    23040    
7        23040    23040    23040    
;



