sets
    j        periodos de programacao          /1*5/
    i        indice dos pedidos              /1*50/
    w        indice dos estagios produtivos  /1*3/
    ;

    Parameters

    beta
    /0.0/
    tau(i)   custo diario de atraso do pedido i
/
1	7
2	5
3	5
4	9
5	8
6	5
7	5
8	6
9	6
10	9
11	6
12	6
13	6
14	7
15	9
16	8
17	5
18	6
19	8
20	6
21	5
22	6
23	8
24	5
25	9
26	8
27	9
28	6
29	7
30	6
31	6
32	7
33	7
34	6
35	7
36	6
37	6
38	9
39	6
40	6
41	8
42	6
43	7
44	7
45	8
46	5
47	6
48	7
49	9
50	7
/

upsilon(w)       custo de operacao do setor produtivo w
/
1	2
2	9
3	8
/

d(i)     data de entrega de i
/
1	3
2	4
3	3
4	3
5	4
6	4
7	3
8	3
9	4
10	3
11	3
12	3
13	3
14	4
15	4
16	3
17	3
18	3
19	4
20	4
21	3
22	3
23	4
24	3
25	4
26	3
27	4
28	3
29	3
30	4
31	4
32	3
33	4
34	4
35	4
36	3
37	4
38	3
39	3
40	4
41	3
42	4
43	3
44	3
45	4
46	4
47	3
48	3
49	4
50	4
/
;
Table TP(i,w)    Tempo de processamento de i em w
         1        2        3        
1        744      767      676      
2        896      328      724      
3        666      492      946      
4        630      595      356      
5        430      564      539      
6        1050     823      1030     
7        422      1037     628      
8        556      1141     548      
9        762      746      803      
10       683      374      808      
11       1167     396      801      
12       826      456      685      
13       811      315      926      
14       340      557      456      
15       404      391      568      
16       1055     909      712      
17       795      347      547      
18       869      577      1146     
19       590      962      630      
20       673      810      329      
21       1108     1144     414      
22       409      472      372      
23       815      1086     814      
24       484      1115     1171     
25       679      446      828      
26       386      1141     811      
27       986      815      1040     
28       861      529      734      
29       676      349      986      
30       597      966      1116     
31       787      353      1088     
32       1085     553      590      
33       460      1120     890      
34       734      515      933      
35       1115     311      924      
36       369      643      916      
37       879      303      487      
38       420      1011     524      
39       586      488      855      
40       795      987      859      
41       599      337      702      
42       631      1195     639      
43       918      863      834      
44       640      871      759      
45       649      587      600      
46       1002     1120     412      
47       332      499      982      
48       745      355      371      
49       508      1089     811      
50       1160     787      665      
;



Table CP(j,w)    Capacidade produtiva de w em j
         1        2        3        
1        23040    23040    23040    
2        23040    23040    23040    
3        23040    23040    23040    
4        23040    23040    23040    
5        23040    23040    23040    
;



