sets
    j        periodos de programacao          /1*9/
    i        indice dos pedidos              /1*50/
    w        indice dos estagios produtivos  /1*5/
    ;

    Parameters

    beta
    /0.0/
    tau(i)   custo diario de atraso do pedido i
/
1	7
2	8
3	8
4	6
5	7
6	9
7	9
8	6
9	9
10	7
11	9
12	9
13	9
14	8
15	9
16	8
17	6
18	9
19	7
20	9
21	7
22	6
23	5
24	9
25	5
26	9
27	6
28	9
29	7
30	5
31	9
32	5
33	5
34	6
35	8
36	7
37	6
38	7
39	7
40	6
41	5
42	7
43	8
44	6
45	7
46	8
47	9
48	9
49	7
50	9
/

upsilon(w)       custo de operacao do setor produtivo w
/
1	3
2	3
3	2
4	1
5	2
/

d(i)     data de entrega de i
/
1	6
2	8
3	8
4	6
5	8
6	6
7	7
8	7
9	6
10	7
11	7
12	7
13	5
14	6
15	6
16	5
17	5
18	5
19	7
20	5
21	6
22	7
23	6
24	8
25	8
26	5
27	5
28	6
29	7
30	5
31	5
32	5
33	7
34	5
35	8
36	8
37	8
38	8
39	8
40	7
41	6
42	5
43	8
44	6
45	7
46	7
47	6
48	5
49	6
50	6
/
;
Table TP(i,w)    Tempo de processamento de i em w
         1        2        3        4        5        
1        563      993      584      301      773      
2        567      1104     390      1109     804      
3        895      999      370      764      1046     
4        320      947      809      1080     903      
5        723      1173     1113     1132     880      
6        949      775      691      1140     1151     
7        334      764      936      851      569      
8        712      565      549      1115     1108     
9        772      473      872      835      769      
10       466      1004     792      1153     421      
11       346      688      328      802      1019     
12       821      651      361      321      452      
13       356      954      1077     769      498      
14       921      971      706      501      895      
15       924      591      837      360      1128     
16       984      987      305      1162     588      
17       527      1147     925      972      978      
18       865      1124     1042     1198     849      
19       575      909      762      560      1012     
20       684      564      609      1194     891      
21       1173     315      1076     656      474      
22       341      1073     394      303      635      
23       1099     582      1032     611      1050     
24       854      1188     978      894      393      
25       1025     1083     972      791      527      
26       644      1041     946      484      1191     
27       893      607      321      810      1042     
28       972      1023     466      741      1098     
29       601      1010     1064     898      1094     
30       449      977      706      472      1173     
31       761      1151     833      667      1190     
32       1121     543      734      872      533      
33       357      540      1019     961      794      
34       320      1045     479      646      347      
35       1130     697      449      1138     577      
36       362      370      889      806      306      
37       1083     389      1127     1100     458      
38       462      341      1023     924      511      
39       1080     667      1157     1193     305      
40       855      954      1154     479      613      
41       1072     1141     845      323      966      
42       525      1187     867      545      776      
43       683      966      622      638      984      
44       762      505      753      753      897      
45       581      357      765      456      1028     
46       986      543      617      932      731      
47       1091     396      429      394      307      
48       471      598      478      650      377      
49       1061     511      1095     1124     483      
50       1056     1125     1151     858      472      
;



Table CP(j,w)    Capacidade produtiva de w em j
         1        2        3        4        5        
1        23040    23040    23040    23040    23040    
2        23040    23040    23040    23040    23040    
3        23040    23040    23040    23040    23040    
4        23040    23040    23040    23040    23040    
5        23040    23040    23040    23040    23040    
6        23040    23040    23040    23040    23040    
7        23040    23040    23040    23040    23040    
8        23040    23040    23040    23040    23040    
9        23040    23040    23040    23040    23040    
;



