sets
    j        periodos de programacao          /1*5/
    i        indice dos pedidos              /1*50/
    w        indice dos estagios produtivos  /1*3/
    ;

    Parameters

    beta
    /0.0/
    tau(i)   custo diario de atraso do pedido i
/
1	8
2	5
3	7
4	9
5	7
6	7
7	9
8	6
9	7
10	5
11	9
12	8
13	9
14	9
15	8
16	6
17	6
18	7
19	7
20	9
21	5
22	5
23	8
24	9
25	5
26	8
27	5
28	8
29	6
30	7
31	9
32	8
33	8
34	8
35	6
36	8
37	5
38	5
39	8
40	9
41	8
42	7
43	5
44	9
45	5
46	7
47	9
48	9
49	6
50	6
/

upsilon(w)       custo de operacao do setor produtivo w
/
1	8
2	4
3	9
/

d(i)     data de entrega de i
/
1	3
2	3
3	4
4	3
5	4
6	3
7	3
8	3
9	3
10	4
11	3
12	4
13	3
14	3
15	4
16	3
17	4
18	3
19	3
20	4
21	4
22	4
23	3
24	3
25	3
26	3
27	3
28	4
29	3
30	3
31	3
32	3
33	3
34	3
35	3
36	4
37	4
38	3
39	3
40	4
41	3
42	3
43	3
44	3
45	3
46	4
47	3
48	4
49	3
50	3
/
;
Table TP(i,w)    Tempo de processamento de i em w
         1        2        3        
1        525      1139     779      
2        430      784      459      
3        765      563      659      
4        1016     684      911      
5        542      956      648      
6        904      976      736      
7        304      389      825      
8        395      622      905      
9        1135     1088     1156     
10       878      780      634      
11       1124     1056     311      
12       1011     791      310      
13       746      742      1087     
14       920      303      386      
15       510      404      1030     
16       1050     519      1026     
17       786      643      1070     
18       991      772      668      
19       993      812      603      
20       867      864      758      
21       1021     893      713      
22       983      513      834      
23       891      1061     987      
24       999      1148     1184     
25       982      657      629      
26       856      723      441      
27       711      794      1038     
28       351      556      344      
29       957      873      458      
30       546      936      1179     
31       509      532      719      
32       524      554      614      
33       840      798      691      
34       1154     881      397      
35       816      385      491      
36       1133     1132     1026     
37       1128     724      853      
38       1086     380      513      
39       845      1195     793      
40       787      383      491      
41       1133     734      1109     
42       1125     453      806      
43       636      1095     356      
44       1106     513      938      
45       406      796      801      
46       369      1165     824      
47       1092     991      1090     
48       587      321      838      
49       645      741      402      
50       847      547      521      
;



Table CP(j,w)    Capacidade produtiva de w em j
         1        2        3        
1        23040    23040    23040    
2        23040    23040    23040    
3        23040    23040    23040    
4        23040    23040    23040    
5        23040    23040    23040    
;



