sets
    j        periodos de programacao          /1*7/
    i        indice dos pedidos              /1*50/
    w        indice dos estagios produtivos  /1*3/
    ;

    Parameters

    beta
    /0.0/
    tau(i)   custo diario de atraso do pedido i
/
1	6
2	6
3	5
4	5
5	5
6	6
7	5
8	7
9	8
10	5
11	9
12	6
13	6
14	7
15	9
16	8
17	7
18	9
19	7
20	7
21	9
22	7
23	7
24	8
25	6
26	5
27	5
28	7
29	6
30	9
31	5
32	8
33	6
34	8
35	6
36	6
37	6
38	6
39	5
40	9
41	6
42	7
43	6
44	7
45	5
46	9
47	8
48	7
49	8
50	8
/

upsilon(w)       custo de operacao do setor produtivo w
/
1	7
2	9
3	1
/

d(i)     data de entrega de i
/
1	3
2	4
3	6
4	6
5	6
6	5
7	3
8	5
9	6
10	5
11	4
12	3
13	5
14	3
15	4
16	3
17	5
18	3
19	5
20	4
21	6
22	4
23	4
24	5
25	6
26	3
27	6
28	3
29	4
30	3
31	4
32	4
33	3
34	6
35	3
36	5
37	4
38	4
39	5
40	6
41	6
42	6
43	4
44	3
45	6
46	5
47	6
48	6
49	6
50	4
/
;
Table TP(i,w)    Tempo de processamento de i em w
         1        2        3        
1        560      1130     599      
2        1120     395      1103     
3        1033     1167     304      
4        686      626      448      
5        606      773      510      
6        858      844      599      
7        1166     401      324      
8        531      658      318      
9        920      1152     306      
10       451      1014     946      
11       970      616      325      
12       764      626      478      
13       1193     698      413      
14       1055     930      764      
15       771      576      826      
16       584      456      475      
17       1035     484      1046     
18       392      464      444      
19       999      922      427      
20       1028     621      373      
21       452      782      342      
22       892      407      735      
23       720      819      874      
24       1085     996      330      
25       775      979      489      
26       473      912      1110     
27       762      765      1111     
28       617      958      1095     
29       651      997      1045     
30       897      772      455      
31       1137     356      607      
32       876      1151     338      
33       834      989      852      
34       1102     754      1142     
35       420      574      831      
36       772      803      593      
37       1122     895      1190     
38       538      396      490      
39       789      508      770      
40       633      463      1065     
41       809      990      880      
42       571      440      650      
43       458      535      982      
44       990      322      793      
45       667      985      551      
46       563      605      810      
47       1045     1083     934      
48       406      1128     1139     
49       890      335      880      
50       537      800      954      
;



Table CP(j,w)    Capacidade produtiva de w em j
         1        2        3        
1        23040    23040    23040    
2        23040    23040    23040    
3        23040    23040    23040    
4        23040    23040    23040    
5        23040    23040    23040    
6        23040    23040    23040    
7        23040    23040    23040    
;



