sets
    j        periodos de programacao          /1*11/
    i        indice dos pedidos              /1*30/
    w        indice dos estagios produtivos  /1*7/
    ;

    Parameters

    beta
    /0.0/
    tau(i)   custo diario de atraso do pedido i
/
1	6
2	5
3	5
4	9
5	9
6	7
7	8
8	7
9	9
10	9
11	9
12	6
13	8
14	5
15	6
16	9
17	7
18	5
19	7
20	5
21	7
22	7
23	7
24	9
25	5
26	7
27	6
28	8
29	6
30	8
/

upsilon(w)       custo de operacao do setor produtivo w
/
1	5
2	2
3	1
4	8
5	6
6	7
7	7
/

d(i)     data de entrega de i
/
1	9
2	10
3	9
4	7
5	8
6	10
7	8
8	9
9	9
10	7
11	7
12	9
13	10
14	7
15	10
16	9
17	8
18	8
19	7
20	10
21	8
22	9
23	8
24	9
25	7
26	8
27	9
28	8
29	8
30	7
/
;
Table TP(i,w)    Tempo de processamento de i em w
         1        2        3        4        5        6        7        
1        393      434      323      327      1063     685      425      
2        646      555      1055     871      507      818      362      
3        894      1105     1004     333      368      1070     347      
4        1106     661      520      785      496      785      472      
5        1154     743      408      605      605      928      369      
6        356      735      750      521      515      802      764      
7        736      1138     542      1158     643      994      1116     
8        306      778      554      594      990      512      767      
9        336      1159     836      690      1117     711      803      
10       1170     553      507      788      634      922      655      
11       436      470      1091     1175     561      849      892      
12       671      996      1114     448      630      916      1116     
13       1104     591      781      989      543      1038     670      
14       702      661      457      433      884      875      348      
15       662      1043     1114     1187     380      910      491      
16       370      932      325      564      981      645      342      
17       1038     805      597      506      476      657      447      
18       772      899      387      607      961      1004     807      
19       653      1092     1043     914      598      1116     924      
20       311      932      1054     1047     1002     474      622      
21       736      1183     670      506      907      995      873      
22       392      1018     880      671      1116     674      1139     
23       958      751      428      570      539      757      464      
24       316      634      548      1048     1128     641      720      
25       349      791      609      1007     602      1064     755      
26       1094     526      881      321      561      507      783      
27       1063     352      649      505      1119     565      625      
28       1065     487      628      1051     429      1034     441      
29       1166     1185     855      769      803      1012     779      
30       347      394      584      623      823      319      541      
;



Table CP(j,w)    Capacidade produtiva de w em j
         1        2        3        4        5        6        7        
1        23040    23040    23040    23040    23040    23040    23040    
2        23040    23040    23040    23040    23040    23040    23040    
3        23040    23040    23040    23040    23040    23040    23040    
4        23040    23040    23040    23040    23040    23040    23040    
5        23040    23040    23040    23040    23040    23040    23040    
6        23040    23040    23040    23040    23040    23040    23040    
7        23040    23040    23040    23040    23040    23040    23040    
8        23040    23040    23040    23040    23040    23040    23040    
9        23040    23040    23040    23040    23040    23040    23040    
10       23040    23040    23040    23040    23040    23040    23040    
11       23040    23040    23040    23040    23040    23040    23040    
;



