sets
    j        periodos de programacao          /1*7/
    i        indice dos pedidos              /1*300/
    w        indice dos estagios produtivos  /1*5/
    ;

    Parameters

    beta
    /0.0/
    tau(i)   custo diario de atraso do pedido i
/
1	8
2	9
3	8
4	7
5	6
6	8
7	7
8	8
9	7
10	6
11	6
12	7
13	9
14	9
15	7
16	9
17	7
18	7
19	8
20	5
21	9
22	6
23	6
24	9
25	5
26	5
27	6
28	5
29	7
30	9
31	9
32	8
33	7
34	5
35	6
36	8
37	9
38	5
39	8
40	5
41	5
42	5
43	9
44	5
45	7
46	7
47	9
48	6
49	6
50	9
51	8
52	7
53	7
54	9
55	9
56	7
57	9
58	7
59	9
60	7
61	6
62	7
63	9
64	7
65	8
66	9
67	6
68	7
69	5
70	8
71	9
72	5
73	9
74	5
75	7
76	6
77	6
78	9
79	5
80	8
81	6
82	7
83	5
84	5
85	6
86	9
87	5
88	6
89	5
90	5
91	5
92	8
93	5
94	5
95	8
96	9
97	8
98	7
99	8
100	7
101	8
102	6
103	8
104	5
105	7
106	9
107	8
108	6
109	8
110	7
111	8
112	9
113	5
114	6
115	7
116	8
117	5
118	7
119	6
120	6
121	5
122	6
123	6
124	9
125	5
126	9
127	9
128	8
129	5
130	8
131	5
132	6
133	7
134	9
135	8
136	7
137	6
138	5
139	5
140	7
141	8
142	7
143	7
144	5
145	7
146	7
147	8
148	5
149	6
150	9
151	9
152	5
153	5
154	5
155	9
156	6
157	6
158	5
159	5
160	8
161	9
162	8
163	6
164	8
165	6
166	7
167	8
168	9
169	6
170	7
171	6
172	7
173	8
174	8
175	5
176	6
177	8
178	7
179	6
180	6
181	6
182	5
183	8
184	8
185	7
186	6
187	5
188	5
189	5
190	5
191	6
192	6
193	8
194	8
195	8
196	7
197	5
198	7
199	9
200	5
201	8
202	8
203	6
204	7
205	8
206	5
207	5
208	5
209	9
210	5
211	7
212	6
213	9
214	6
215	7
216	6
217	7
218	8
219	9
220	7
221	8
222	5
223	9
224	5
225	5
226	5
227	5
228	6
229	7
230	7
231	6
232	8
233	8
234	5
235	9
236	9
237	7
238	7
239	6
240	8
241	5
242	9
243	9
244	7
245	8
246	7
247	6
248	5
249	9
250	5
251	7
252	9
253	5
254	7
255	8
256	5
257	5
258	9
259	5
260	5
261	6
262	9
263	6
264	7
265	6
266	6
267	7
268	8
269	9
270	8
271	6
272	9
273	5
274	7
275	7
276	9
277	8
278	9
279	5
280	7
281	9
282	5
283	6
284	5
285	5
286	9
287	9
288	9
289	7
290	6
291	7
292	8
293	7
294	6
295	8
296	5
297	8
298	8
299	8
300	5
/

upsilon(w)       custo de operacao do setor produtivo w
/
1	7
2	4
3	3
4	8
5	9
/

d(i)     data de entrega de i
/
1	5
2	6
3	5
4	5
5	5
6	6
7	6
8	6
9	6
10	5
11	5
12	5
13	5
14	5
15	6
16	6
17	6
18	6
19	6
20	6
21	5
22	5
23	5
24	5
25	6
26	6
27	6
28	6
29	5
30	5
31	5
32	5
33	5
34	5
35	6
36	5
37	6
38	5
39	5
40	6
41	6
42	5
43	5
44	5
45	6
46	6
47	6
48	6
49	6
50	6
51	5
52	6
53	5
54	5
55	6
56	6
57	6
58	5
59	6
60	5
61	5
62	5
63	5
64	5
65	6
66	5
67	6
68	6
69	5
70	6
71	6
72	6
73	6
74	5
75	6
76	6
77	6
78	6
79	5
80	5
81	5
82	6
83	6
84	6
85	6
86	6
87	5
88	6
89	5
90	5
91	6
92	6
93	6
94	6
95	5
96	5
97	6
98	6
99	6
100	6
101	5
102	5
103	6
104	6
105	6
106	6
107	5
108	5
109	5
110	6
111	6
112	6
113	5
114	6
115	6
116	6
117	5
118	6
119	5
120	6
121	6
122	5
123	5
124	6
125	5
126	5
127	6
128	6
129	5
130	6
131	6
132	5
133	6
134	5
135	5
136	5
137	5
138	6
139	6
140	5
141	6
142	5
143	6
144	5
145	6
146	5
147	6
148	5
149	5
150	6
151	5
152	5
153	6
154	6
155	5
156	6
157	5
158	6
159	6
160	6
161	6
162	6
163	5
164	5
165	6
166	5
167	6
168	5
169	6
170	5
171	5
172	6
173	5
174	6
175	5
176	5
177	5
178	5
179	5
180	6
181	5
182	6
183	6
184	6
185	5
186	5
187	5
188	5
189	6
190	6
191	5
192	6
193	5
194	5
195	6
196	6
197	5
198	5
199	6
200	5
201	6
202	5
203	6
204	5
205	5
206	6
207	5
208	5
209	5
210	5
211	6
212	5
213	5
214	6
215	5
216	5
217	6
218	5
219	5
220	5
221	5
222	6
223	6
224	6
225	5
226	5
227	6
228	5
229	5
230	5
231	6
232	5
233	5
234	5
235	6
236	5
237	5
238	6
239	5
240	6
241	5
242	5
243	6
244	5
245	5
246	5
247	6
248	5
249	6
250	6
251	5
252	5
253	5
254	5
255	6
256	5
257	6
258	6
259	5
260	5
261	5
262	6
263	5
264	6
265	5
266	5
267	5
268	6
269	6
270	5
271	6
272	5
273	6
274	6
275	6
276	6
277	5
278	5
279	5
280	5
281	6
282	6
283	5
284	5
285	6
286	5
287	6
288	6
289	6
290	5
291	5
292	6
293	6
294	6
295	5
296	5
297	6
298	5
299	5
300	6
/
;
Table TP(i,w)    Tempo de processamento de i em w
         1        2        3        4        5        
1        609      1189     744      1183     609      
2        430      493      975      742      926      
3        715      1125     1028     785      522      
4        429      964      503      854      1163     
5        903      528      1175     629      498      
6        994      577      1035     997      796      
7        498      472      415      824      431      
8        912      599      702      479      1109     
9        420      1135     414      810      320      
10       772      572      813      552      1103     
11       828      349      1077     1093     305      
12       502      561      884      971      1016     
13       482      540      1051     1187     713      
14       981      362      1035     946      684      
15       323      328      360      968      945      
16       426      1077     1093     746      450      
17       1098     700      551      725      487      
18       1073     762      757      515      507      
19       513      867      463      1137     644      
20       729      625      853      329      1068     
21       579      603      301      1163     602      
22       1047     773      832      456      1171     
23       336      976      327      752      795      
24       1154     502      1156     322      1191     
25       732      745      1012     1124     1168     
26       1115     552      959      958      593      
27       843      605      802      1150     1014     
28       656      898      447      484      702      
29       637      761      1135     893      417      
30       1012     981      863      934      985      
31       668      354      694      991      1128     
32       936      374      488      371      404      
33       371      1000     785      327      641      
34       435      757      1038     1193     779      
35       841      845      829      1093     357      
36       526      405      874      1193     314      
37       345      792      509      520      1100     
38       1101     1193     1030     322      588      
39       1052     428      1140     1123     860      
40       356      481      475      541      1061     
41       686      1115     868      351      348      
42       404      865      458      572      319      
43       695      717      371      1163     1023     
44       806      881      1055     527      1003     
45       1182     846      552      972      1103     
46       535      542      1135     523      581      
47       668      600      303      464      921      
48       647      949      1006     752      453      
49       931      1178     483      1050     784      
50       407      410      425      456      855      
51       439      373      839      598      747      
52       852      585      1110     506      858      
53       528      399      492      727      1057     
54       379      504      746      519      1003     
55       801      809      696      835      637      
56       1125     904      429      939      1081     
57       1100     388      845      947      305      
58       692      1181     388      356      1088     
59       904      379      585      1137     597      
60       321      974      642      805      583      
61       439      532      669      458      324      
62       615      672      793      606      1192     
63       1095     534      467      999      501      
64       637      1068     609      865      357      
65       433      466      960      990      692      
66       866      1139     1095     870      671      
67       800      1073     525      987      580      
68       665      1089     729      998      708      
69       684      516      745      558      537      
70       677      816      837      427      542      
71       876      531      579      417      955      
72       390      365      847      638      469      
73       1051     896      795      560      1137     
74       1061     889      703      582      752      
75       797      702      522      984      1065     
76       633      413      712      917      1009     
77       435      1096     414      453      769      
78       592      1151     701      430      779      
79       1143     438      1145     734      1146     
80       394      872      742      460      857      
81       494      861      1065     769      1084     
82       493      375      925      798      681      
83       922      425      372      693      803      
84       573      909      531      375      1011     
85       1196     568      996      1115     532      
86       671      596      966      918      1049     
87       363      805      770      529      370      
88       429      840      1003     501      922      
89       753      544      900      369      786      
90       605      933      449      313      485      
91       827      460      1038     1192     474      
92       1088     410      1114     352      732      
93       966      576      1195     457      1048     
94       748      575      436      956      686      
95       463      878      743      789      331      
96       342      993      374      1038     871      
97       1105     1111     1023     692      859      
98       972      840      403      1145     328      
99       1088     826      807      1186     743      
100      826      633      1152     855      1096     
101      900      758      985      384      694      
102      845      649      958      578      998      
103      301      459      491      353      1053     
104      548      1048     1021     927      350      
105      532      434      1067     386      742      
106      526      667      395      729      543      
107      1167     1173     1094     307      665      
108      734      770      581      356      564      
109      876      889      896      694      496      
110      409      831      1169     1031     710      
111      646      651      748      787      875      
112      986      1196     860      827      373      
113      829      364      701      1142     633      
114      733      704      336      665      579      
115      457      808      475      713      856      
116      430      1064     715      797      360      
117      462      945      708      637      689      
118      856      810      703      754      1015     
119      967      1053     626      525      581      
120      1008     1058     492      934      781      
121      678      659      866      572      983      
122      976      653      934      489      1033     
123      1169     334      1112     1001     1008     
124      1037     910      729      447      1168     
125      1029     880      664      1028     466      
126      697      603      465      959      882      
127      836      1104     1133     881      494      
128      637      497      475      446      535      
129      584      877      487      638      364      
130      579      433      1105     815      1122     
131      1160     607      868      624      1136     
132      1167     800      463      1020     730      
133      350      846      517      999      504      
134      1041     822      354      699      938      
135      566      562      878      1042     1079     
136      621      420      823      655      824      
137      379      741      1068     1187     823      
138      816      849      527      1029     1064     
139      394      445      1006     688      337      
140      1177     643      1028     799      1043     
141      1173     1100     314      571      385      
142      975      1146     631      662      744      
143      496      1168     337      796      531      
144      935      483      485      1140     431      
145      964      910      422      713      968      
146      703      738      944      1057     638      
147      1170     539      690      1087     906      
148      933      550      373      1129     309      
149      546      973      562      900      342      
150      700      355      731      912      634      
151      1012     1115     549      790      797      
152      842      754      838      914      1076     
153      771      912      394      344      721      
154      532      1067     850      1129     802      
155      354      404      847      880      1078     
156      1121     522      1080     392      377      
157      903      1045     686      898      824      
158      304      1199     869      682      708      
159      533      367      1143     829      595      
160      998      1066     330      1136     597      
161      418      350      767      585      421      
162      719      602      431      470      989      
163      751      1169     953      322      917      
164      1052     711      747      482      936      
165      656      319      982      1026     763      
166      681      904      833      1172     733      
167      760      368      601      582      367      
168      850      626      716      618      882      
169      1134     545      1117     776      653      
170      779      1186     697      441      1111     
171      775      502      434      377      707      
172      432      484      1092     950      1024     
173      429      1161     788      899      504      
174      542      993      387      337      1170     
175      775      1094     1048     1047     332      
176      464      366      1111     631      1125     
177      812      721      923      1042     998      
178      1182     660      346      1108     1199     
179      464      792      368      1078     432      
180      1199     1085     340      727      1072     
181      1005     843      1033     1079     1107     
182      571      816      930      1138     917      
183      673      884      387      843      694      
184      1133     413      721      747      435      
185      1103     476      845      779      678      
186      386      830      522      508      618      
187      863      342      1026     1029     809      
188      412      758      906      425      640      
189      1014     767      992      1019     769      
190      1165     674      319      451      860      
191      1168     807      672      777      927      
192      1090     644      937      801      400      
193      556      706      987      520      954      
194      598      617      392      1143     1129     
195      591      963      957      1094     861      
196      981      384      345      922      420      
197      998      701      542      1176     545      
198      958      924      357      707      940      
199      1042     968      376      1187     1190     
200      777      792      564      1075     1135     
201      1188     664      1190     619      760      
202      1090     853      641      602      663      
203      852      1090     1068     973      1058     
204      1089     1073     410      726      924      
205      980      502      1073     455      871      
206      906      1093     327      1144     833      
207      468      1155     883      1197     307      
208      819      363      879      433      472      
209      352      1103     780      566      879      
210      672      379      730      861      941      
211      1004     702      429      376      828      
212      1051     563      1198     992      919      
213      1090     927      481      332      795      
214      1100     1137     599      395      914      
215      361      610      1084     1030     541      
216      1183     732      1011     397      358      
217      328      465      637      353      502      
218      937      805      755      844      637      
219      1171     851      1128     458      553      
220      482      552      983      573      560      
221      910      481      1192     629      628      
222      619      502      947      1197     1036     
223      978      825      736      778      435      
224      869      692      673      1001     787      
225      962      465      315      521      1055     
226      986      647      447      515      977      
227      1060     509      629      563      428      
228      699      550      744      802      1182     
229      945      1136     487      625      942      
230      954      545      869      524      749      
231      530      659      1101     939      1040     
232      519      873      883      1043     763      
233      1076     664      1186     807      329      
234      1011     970      977      512      387      
235      494      919      876      1018     356      
236      685      562      756      1173     866      
237      730      461      308      629      881      
238      1015     533      373      626      365      
239      1053     1094     351      317      666      
240      887      596      918      636      871      
241      596      592      542      704      438      
242      1153     870      437      1191     1168     
243      695      1050     655      907      637      
244      788      660      589      933      873      
245      716      574      750      1071     545      
246      468      645      905      866      517      
247      301      363      382      1098     926      
248      681      505      796      700      521      
249      1096     536      527      700      909      
250      1113     366      528      890      951      
251      1016     1134     1104     510      338      
252      539      778      302      1177     1137     
253      697      481      1093     748      811      
254      1011     954      437      1113     725      
255      853      305      357      429      977      
256      1071     1023     842      1170     533      
257      936      491      683      937      960      
258      1020     985      425      1040     329      
259      1164     1127     559      833      693      
260      524      405      793      435      677      
261      755      1147     678      539      962      
262      674      324      936      697      701      
263      849      895      737      1052     787      
264      1038     399      869      855      899      
265      631      304      354      558      1155     
266      623      963      382      640      1147     
267      301      895      689      994      1068     
268      764      542      836      1007     638      
269      502      1177     845      1078     624      
270      395      389      698      586      570      
271      1076     1158     501      880      1181     
272      1195     780      883      1164     434      
273      910      1037     775      585      1089     
274      902      1198     1072     866      1022     
275      1047     1053     548      333      616      
276      312      785      587      401      782      
277      1048     915      593      858      1104     
278      434      1065     694      632      1026     
279      319      472      370      810      451      
280      983      1141     1164     502      951      
281      535      820      510      353      1071     
282      1103     870      1110     627      784      
283      875      383      839      435      772      
284      824      842      718      811      668      
285      601      600      1176     385      680      
286      1000     305      652      676      1154     
287      628      904      494      798      593      
288      992      784      1153     1104     889      
289      445      917      849      542      336      
290      586      644      586      742      893      
291      1076     811      869      1137     706      
292      304      332      358      1013     350      
293      1081     789      305      749      488      
294      454      367      1088     579      1190     
295      921      719      485      1188     484      
296      966      682      815      438      597      
297      1115     718      1089     835      1043     
298      1156     1082     586      878      990      
299      818      537      906      622      473      
300      672      318      526      547      492      
;



Table CP(j,w)    Capacidade produtiva de w em j
         1        2        3        4        5        
1        23040    23040    23040    23040    23040    
2        23040    23040    23040    23040    23040    
3        23040    23040    23040    23040    23040    
4        23040    23040    23040    23040    23040    
5        23040    23040    23040    23040    23040    
6        23040    23040    23040    23040    23040    
7        23040    23040    23040    23040    23040    
;



