sets
    j        periodos de programacao          /1*9/
    i        indice dos pedidos              /1*200/
    w        indice dos estagios produtivos  /1*5/
    ;

    Parameters

    beta
    /0.0/
    tau(i)   custo diario de atraso do pedido i
/
1	5
2	9
3	7
4	6
5	6
6	5
7	9
8	8
9	5
10	5
11	5
12	9
13	7
14	9
15	8
16	9
17	5
18	9
19	9
20	5
21	6
22	6
23	5
24	6
25	6
26	8
27	7
28	6
29	9
30	8
31	6
32	7
33	5
34	5
35	7
36	6
37	6
38	5
39	8
40	7
41	6
42	9
43	7
44	7
45	6
46	7
47	9
48	5
49	6
50	9
51	6
52	7
53	5
54	6
55	8
56	7
57	9
58	6
59	5
60	8
61	7
62	6
63	6
64	6
65	6
66	6
67	5
68	7
69	6
70	7
71	7
72	9
73	9
74	9
75	8
76	8
77	6
78	7
79	8
80	5
81	6
82	6
83	7
84	5
85	9
86	5
87	8
88	6
89	5
90	9
91	9
92	6
93	5
94	7
95	9
96	5
97	9
98	6
99	9
100	7
101	5
102	6
103	6
104	9
105	8
106	6
107	6
108	5
109	5
110	5
111	8
112	9
113	9
114	8
115	6
116	6
117	6
118	5
119	6
120	5
121	6
122	7
123	7
124	5
125	6
126	9
127	7
128	6
129	6
130	8
131	5
132	8
133	6
134	6
135	5
136	7
137	8
138	5
139	8
140	9
141	9
142	6
143	9
144	5
145	5
146	5
147	5
148	9
149	6
150	7
151	8
152	7
153	7
154	5
155	7
156	6
157	5
158	6
159	5
160	7
161	8
162	8
163	5
164	6
165	6
166	8
167	9
168	5
169	8
170	5
171	7
172	8
173	7
174	5
175	5
176	7
177	5
178	7
179	9
180	8
181	8
182	5
183	6
184	7
185	7
186	5
187	8
188	7
189	9
190	9
191	7
192	9
193	9
194	9
195	7
196	5
197	9
198	6
199	5
200	7
/

upsilon(w)       custo de operacao do setor produtivo w
/
1	5
2	4
3	8
4	6
5	2
/

d(i)     data de entrega de i
/
1	7
2	5
3	5
4	8
5	5
6	5
7	6
8	7
9	8
10	8
11	6
12	5
13	5
14	6
15	8
16	6
17	6
18	6
19	7
20	8
21	7
22	7
23	7
24	8
25	6
26	8
27	5
28	8
29	6
30	7
31	7
32	5
33	8
34	8
35	7
36	8
37	5
38	5
39	6
40	7
41	8
42	6
43	8
44	5
45	5
46	8
47	8
48	8
49	8
50	8
51	5
52	8
53	8
54	8
55	7
56	5
57	7
58	6
59	7
60	6
61	5
62	7
63	5
64	5
65	7
66	7
67	8
68	6
69	5
70	5
71	6
72	8
73	5
74	8
75	7
76	8
77	6
78	5
79	7
80	7
81	7
82	7
83	5
84	8
85	6
86	5
87	5
88	8
89	6
90	8
91	7
92	5
93	8
94	6
95	8
96	6
97	8
98	7
99	8
100	8
101	7
102	5
103	6
104	7
105	7
106	5
107	7
108	6
109	6
110	5
111	6
112	5
113	6
114	7
115	6
116	8
117	8
118	6
119	8
120	6
121	5
122	6
123	7
124	5
125	6
126	8
127	7
128	6
129	5
130	7
131	6
132	5
133	7
134	8
135	6
136	8
137	8
138	6
139	6
140	6
141	6
142	6
143	8
144	5
145	5
146	7
147	7
148	6
149	6
150	7
151	8
152	6
153	5
154	6
155	5
156	5
157	8
158	7
159	8
160	6
161	5
162	7
163	8
164	7
165	5
166	8
167	5
168	6
169	6
170	5
171	7
172	5
173	6
174	7
175	7
176	6
177	6
178	6
179	7
180	6
181	7
182	6
183	5
184	5
185	5
186	7
187	7
188	8
189	8
190	6
191	7
192	5
193	8
194	7
195	8
196	8
197	6
198	5
199	8
200	6
/
;
Table TP(i,w)    Tempo de processamento de i em w
         1        2        3        4        5        
1        950      420      801      921      311      
2        732      861      530      947      661      
3        1078     909      1167     1059     763      
4        844      951      572      768      326      
5        1165     1026     563      1092     787      
6        939      918      753      842      548      
7        827      1190     1026     705      977      
8        843      375      624      370      927      
9        941      455      1050     1199     845      
10       948      796      495      377      931      
11       1136     1064     638      813      1184     
12       1099     712      1055     1149     824      
13       848      1166     1182     1140     1033     
14       1055     727      1060     631      1045     
15       400      578      659      513      436      
16       604      547      840      522      974      
17       1184     520      929      393      890      
18       1124     601      875      457      588      
19       344      628      553      1077     440      
20       647      489      1165     926      908      
21       751      513      1195     394      777      
22       715      996      679      1054     1188     
23       790      481      547      676      516      
24       1178     370      1092     868      567      
25       319      522      591      617      792      
26       360      1035     704      322      1049     
27       510      1195     1161     1179     1057     
28       627      777      581      596      310      
29       501      1050     676      1114     976      
30       698      769      1094     494      578      
31       386      1046     408      1072     885      
32       1200     777      488      420      1186     
33       695      541      428      913      486      
34       559      1064     1134     808      452      
35       684      1189     920      938      930      
36       979      880      561      724      608      
37       942      1106     843      817      797      
38       741      628      995      1064     517      
39       538      772      712      864      1062     
40       821      360      1098     1114     521      
41       967      805      584      1096     487      
42       786      511      594      884      849      
43       402      864      689      403      695      
44       910      563      1122     921      430      
45       394      787      843      636      1162     
46       1182     1172     819      771      1077     
47       584      440      977      913      394      
48       503      644      909      1183     987      
49       826      889      541      929      1078     
50       961      1170     626      541      988      
51       1188     817      947      698      701      
52       570      937      1015     413      710      
53       638      525      990      677      596      
54       1002     425      869      832      1088     
55       1133     445      352      377      580      
56       474      964      520      354      810      
57       555      979      573      949      945      
58       988      1197     970      837      757      
59       1103     932      1158     566      840      
60       789      953      333      651      718      
61       972      1183     423      442      1187     
62       943      773      1032     579      1048     
63       345      394      399      1156     1117     
64       341      406      800      314      536      
65       985      480      982      477      695      
66       751      567      762      1178     946      
67       629      329      413      1140     373      
68       783      745      414      761      347      
69       793      524      1179     917      917      
70       592      1192     388      832      1129     
71       949      968      417      1004     1138     
72       349      796      616      309      1165     
73       345      1060     1058     692      489      
74       967      662      959      316      1030     
75       1123     388      744      448      661      
76       797      626      394      619      967      
77       1012     1161     352      446      691      
78       685      844      737      319      660      
79       1155     846      1091     652      615      
80       513      500      452      336      496      
81       934      918      828      359      307      
82       791      359      433      1143     470      
83       926      1120     1018     749      454      
84       522      1062     646      438      586      
85       361      847      887      590      550      
86       1077     502      330      489      840      
87       465      900      327      530      907      
88       832      1004     711      744      413      
89       575      988      998      731      390      
90       687      536      940      372      1080     
91       523      879      1131     772      1112     
92       603      507      868      639      717      
93       731      431      773      964      915      
94       890      406      467      511      1149     
95       434      1136     423      429      1003     
96       1118     535      704      1146     762      
97       448      1053     811      617      376      
98       842      871      373      788      983      
99       670      718      705      649      1055     
100      658      396      466      409      645      
101      305      366      784      1153     976      
102      926      896      1131     1119     723      
103      780      1019     537      869      302      
104      504      763      370      915      1109     
105      873      906      553      329      350      
106      355      788      491      814      323      
107      531      809      458      909      413      
108      637      1177     926      808      853      
109      715      473      968      871      638      
110      407      1156     937      859      658      
111      542      790      782      682      817      
112      378      1057     393      514      895      
113      799      811      802      856      916      
114      911      512      694      957      348      
115      440      322      434      1194     657      
116      334      356      649      907      613      
117      351      918      925      647      690      
118      1069     653      463      1057     538      
119      458      846      624      1129     526      
120      536      540      631      633      800      
121      833      325      619      827      782      
122      485      1088     433      822      592      
123      785      626      531      692      374      
124      726      745      727      784      473      
125      541      807      1170     778      334      
126      461      344      973      959      1063     
127      920      990      774      767      310      
128      546      991      801      706      326      
129      418      1064     539      1035     920      
130      746      678      742      1021     1125     
131      757      332      1158     1070     856      
132      584      620      976      441      346      
133      1001     728      775      776      839      
134      434      733      667      613      1148     
135      563      1142     1146     440      351      
136      704      1054     1119     736      984      
137      984      1061     989      607      308      
138      795      363      406      491      909      
139      1150     1129     998      704      620      
140      805      1125     1045     993      644      
141      1080     626      529      649      362      
142      768      984      746      750      333      
143      1173     928      638      609      490      
144      968      996      995      954      326      
145      566      335      1123     514      960      
146      544      906      687      809      1018     
147      1002     383      692      469      336      
148      1076     451      694      638      932      
149      971      567      986      912      828      
150      582      1197     1118     827      920      
151      562      1179     965      1053     337      
152      636      385      442      591      969      
153      671      938      1047     908      318      
154      459      808      618      983      823      
155      330      1098     657      1145     1067     
156      1137     454      530      1099     564      
157      303      671      723      576      853      
158      1016     986      811      1166     478      
159      635      1042     783      435      429      
160      974      806      808      897      1161     
161      684      397      1001     597      588      
162      1033     852      1056     1147     941      
163      847      555      364      1105     906      
164      729      520      522      1176     931      
165      367      531      309      1083     484      
166      358      1095     334      1157     687      
167      363      701      1050     841      425      
168      1110     320      413      600      492      
169      1086     711      520      603      1025     
170      1100     342      791      930      1109     
171      643      326      572      1061     416      
172      603      1073     326      1011     598      
173      353      1155     647      1047     334      
174      748      977      635      701      341      
175      1164     686      1154     381      510      
176      1031     481      913      912      340      
177      366      741      1015     605      653      
178      1191     493      938      499      825      
179      942      468      693      491      821      
180      319      554      752      863      321      
181      765      1175     959      339      519      
182      455      1086     474      1096     695      
183      1016     772      1028     908      869      
184      1075     1022     615      1075     1050     
185      463      575      351      676      1015     
186      769      344      624      838      648      
187      1064     813      330      562      383      
188      378      793      423      929      790      
189      650      1161     357      799      347      
190      560      823      428      790      768      
191      888      1171     483      1075     541      
192      513      444      393      485      613      
193      861      356      972      1036     782      
194      479      869      649      900      739      
195      756      1037     809      1077     827      
196      568      831      767      969      453      
197      460      426      497      582      682      
198      792      997      1197     987      485      
199      311      419      1045     717      1128     
200      539      859      900      1037     570      
;



Table CP(j,w)    Capacidade produtiva de w em j
         1        2        3        4        5        
1        23040    23040    23040    23040    23040    
2        23040    23040    23040    23040    23040    
3        23040    23040    23040    23040    23040    
4        23040    23040    23040    23040    23040    
5        23040    23040    23040    23040    23040    
6        23040    23040    23040    23040    23040    
7        23040    23040    23040    23040    23040    
8        23040    23040    23040    23040    23040    
9        23040    23040    23040    23040    23040    
;



