sets
    j        periodos de programacao          /1*9/
    i        indice dos pedidos              /1*30/
    w        indice dos estagios produtivos  /1*5/
    ;

    Parameters

    beta
    /0.0/
    tau(i)   custo diario de atraso do pedido i
/
1	8
2	7
3	7
4	8
5	9
6	7
7	6
8	8
9	5
10	5
11	8
12	9
13	8
14	5
15	9
16	5
17	9
18	7
19	5
20	9
21	8
22	9
23	8
24	5
25	7
26	9
27	7
28	5
29	8
30	9
/

upsilon(w)       custo de operacao do setor produtivo w
/
1	5
2	3
3	2
4	8
5	1
/

d(i)     data de entrega de i
/
1	6
2	5
3	6
4	5
5	7
6	7
7	5
8	8
9	5
10	8
11	8
12	6
13	7
14	8
15	7
16	5
17	8
18	7
19	8
20	6
21	6
22	8
23	6
24	8
25	7
26	6
27	8
28	8
29	5
30	7
/
;
Table TP(i,w)    Tempo de processamento de i em w
         1        2        3        4        5        
1        1035     945      706      496      331      
2        905      331      1005     521      1102     
3        810      376      1121     891      883      
4        1193     525      487      570      1018     
5        1071     1012     466      924      597      
6        1121     741      746      1200     405      
7        612      762      1024     432      641      
8        319      961      1141     1038     1179     
9        735      700      822      1144     662      
10       448      1076     635      513      1162     
11       673      769      516      785      948      
12       1200     855      994      592      1064     
13       1010     932      640      419      1200     
14       1047     1184     627      776      488      
15       907      431      713      980      551      
16       321      677      963      925      996      
17       1185     1013     768      703      642      
18       700      613      1079     558      683      
19       1122     760      318      379      597      
20       1086     476      646      1026     1012     
21       1062     525      349      454      1186     
22       958      762      1000     1183     485      
23       302      1180     559      602      728      
24       494      519      545      794      622      
25       1172     839      707      679      432      
26       1051     756      418      1199     663      
27       968      716      568      461      481      
28       1117     860      1067     528      535      
29       977      670      406      996      747      
30       907      1120     383      590      1007     
;



Table CP(j,w)    Capacidade produtiva de w em j
         1        2        3        4        5        
1        23040    23040    23040    23040    23040    
2        23040    23040    23040    23040    23040    
3        23040    23040    23040    23040    23040    
4        23040    23040    23040    23040    23040    
5        23040    23040    23040    23040    23040    
6        23040    23040    23040    23040    23040    
7        23040    23040    23040    23040    23040    
8        23040    23040    23040    23040    23040    
9        23040    23040    23040    23040    23040    
;



