sets
    j        periodos de programacao          /1*9/
    i        indice dos pedidos              /1*50/
    w        indice dos estagios produtivos  /1*7/
    ;

    Parameters

    beta
    /0.0/
    tau(i)   custo diario de atraso do pedido i
/
1	5
2	9
3	9
4	9
5	9
6	8
7	9
8	8
9	8
10	8
11	6
12	8
13	9
14	8
15	6
16	7
17	6
18	9
19	8
20	6
21	6
22	9
23	8
24	7
25	8
26	6
27	7
28	6
29	9
30	6
31	9
32	9
33	5
34	8
35	8
36	8
37	5
38	7
39	8
40	9
41	9
42	5
43	7
44	6
45	8
46	8
47	6
48	7
49	9
50	5
/

upsilon(w)       custo de operacao do setor produtivo w
/
1	3
2	5
3	3
4	8
5	6
6	8
7	1
/

d(i)     data de entrega de i
/
1	7
2	8
3	8
4	7
5	7
6	8
7	8
8	8
9	7
10	8
11	7
12	8
13	8
14	8
15	8
16	8
17	8
18	8
19	7
20	7
21	8
22	8
23	7
24	7
25	8
26	7
27	7
28	8
29	7
30	8
31	8
32	7
33	8
34	8
35	8
36	8
37	7
38	7
39	7
40	8
41	7
42	7
43	7
44	8
45	7
46	7
47	8
48	8
49	7
50	7
/
;
Table TP(i,w)    Tempo de processamento de i em w
         1        2        3        4        5        6        7        
1        1091     463      530      703      1006     640      884      
2        528      631      380      822      489      339      994      
3        709      327      882      1025     1112     658      560      
4        713      805      814      596      825      602      415      
5        304      562      802      731      1065     492      684      
6        411      997      1131     1164     718      515      1060     
7        889      995      479      801      565      1039     839      
8        934      715      635      695      783      573      614      
9        948      654      769      677      804      320      754      
10       379      902      1134     881      1032     894      577      
11       381      653      1164     365      665      943      463      
12       1001     763      1157     982      1059     1177     429      
13       1057     345      305      860      306      517      895      
14       1117     1011     582      860      447      385      1004     
15       444      484      486      566      986      1107     1076     
16       472      541      467      980      386      373      961      
17       1164     1147     327      603      360      966      1086     
18       364      875      1093     410      915      912      634      
19       1165     330      650      441      368      708      782      
20       1134     1171     680      406      907      1040     314      
21       373      772      795      901      700      1094     878      
22       894      596      536      427      604      391      1048     
23       894      1161     349      638      316      797      922      
24       1151     436      1004     449      967      578      391      
25       329      566      1124     384      599      469      1081     
26       378      983      1019     473      936      612      489      
27       923      1042     792      388      948      736      636      
28       1017     802      812      1178     617      620      408      
29       834      739      753      759      389      392      890      
30       660      462      746      562      1163     1064     617      
31       482      615      492      1111     787      824      1149     
32       913      814      936      479      555      648      603      
33       621      803      512      416      1022     728      758      
34       478      592      438      843      660      736      944      
35       489      717      768      709      738      1160     474      
36       521      781      1162     1167     786      678      1061     
37       1159     1173     510      501      349      779      725      
38       400      501      624      569      524      1074     692      
39       968      1086     598      881      347      860      1107     
40       655      759      553      945      925      316      989      
41       345      817      894      891      907      762      558      
42       331      730      1096     723      306      400      924      
43       415      967      772      1082     302      870      512      
44       1141     363      782      342      1066     1144     568      
45       792      433      1104     305      368      647      758      
46       772      503      687      541      413      506      319      
47       874      354      737      936      813      683      695      
48       1196     325      1039     999      453      490      557      
49       873      1143     741      743      494      431      918      
50       972      689      352      726      803      850      776      
;



Table CP(j,w)    Capacidade produtiva de w em j
         1        2        3        4        5        6        7        
1        23040    23040    23040    23040    23040    23040    23040    
2        23040    23040    23040    23040    23040    23040    23040    
3        23040    23040    23040    23040    23040    23040    23040    
4        23040    23040    23040    23040    23040    23040    23040    
5        23040    23040    23040    23040    23040    23040    23040    
6        23040    23040    23040    23040    23040    23040    23040    
7        23040    23040    23040    23040    23040    23040    23040    
8        23040    23040    23040    23040    23040    23040    23040    
9        23040    23040    23040    23040    23040    23040    23040    
;



