sets
    j        periodos de programacao          /1*5/
    i        indice dos pedidos              /1*50/
    w        indice dos estagios produtivos  /1*3/
    ;

    Parameters

    beta
    /0.0/
    tau(i)   custo diario de atraso do pedido i
/
1	6
2	6
3	9
4	5
5	7
6	5
7	8
8	9
9	9
10	7
11	7
12	5
13	6
14	8
15	8
16	7
17	5
18	7
19	5
20	8
21	6
22	7
23	6
24	9
25	8
26	6
27	5
28	9
29	9
30	8
31	7
32	5
33	8
34	9
35	9
36	8
37	8
38	6
39	5
40	5
41	8
42	6
43	8
44	5
45	8
46	7
47	5
48	6
49	5
50	8
/

upsilon(w)       custo de operacao do setor produtivo w
/
1	5
2	4
3	2
/

d(i)     data de entrega de i
/
1	3
2	4
3	4
4	3
5	3
6	3
7	3
8	3
9	4
10	4
11	3
12	4
13	4
14	3
15	4
16	4
17	4
18	3
19	4
20	4
21	3
22	4
23	3
24	4
25	3
26	3
27	3
28	3
29	3
30	4
31	3
32	3
33	4
34	4
35	4
36	4
37	3
38	3
39	3
40	3
41	4
42	4
43	4
44	3
45	4
46	3
47	3
48	3
49	3
50	3
/
;
Table TP(i,w)    Tempo de processamento de i em w
         1        2        3        
1        1162     1200     620      
2        644      1040     484      
3        680      889      797      
4        1068     1181     325      
5        773      696      1092     
6        1012     1018     1041     
7        986      495      744      
8        468      766      738      
9        874      856      1075     
10       304      599      731      
11       621      405      403      
12       1124     757      1093     
13       965      1182     683      
14       1185     591      584      
15       1130     390      476      
16       551      907      343      
17       493      373      783      
18       797      826      504      
19       1183     482      441      
20       757      820      592      
21       686      923      1167     
22       394      882      1014     
23       441      918      1124     
24       1019     476      842      
25       834      576      976      
26       306      492      374      
27       789      776      396      
28       520      947      1192     
29       514      1031     673      
30       459      324      669      
31       373      1078     805      
32       668      1058     1181     
33       1074     713      1167     
34       668      879      598      
35       555      667      1199     
36       739      465      815      
37       887      419      1119     
38       785      582      640      
39       941      746      552      
40       383      792      356      
41       693      1062     302      
42       445      849      722      
43       603      926      1119     
44       1109     300      782      
45       745      1159     818      
46       593      312      610      
47       868      491      549      
48       1061     855      1147     
49       453      739      674      
50       800      642      1146     
;



Table CP(j,w)    Capacidade produtiva de w em j
         1        2        3        
1        23040    23040    23040    
2        23040    23040    23040    
3        23040    23040    23040    
4        23040    23040    23040    
5        23040    23040    23040    
;



