sets
    j        periodos de programacao          /1*9/
    i        indice dos pedidos              /1*50/
    w        indice dos estagios produtivos  /1*5/
    ;

    Parameters

    beta
    /0.0/
    tau(i)   custo diario de atraso do pedido i
/
1	6
2	9
3	9
4	9
5	5
6	6
7	5
8	6
9	5
10	5
11	7
12	6
13	9
14	7
15	5
16	6
17	8
18	8
19	7
20	7
21	6
22	8
23	6
24	9
25	8
26	5
27	8
28	6
29	9
30	5
31	8
32	7
33	6
34	8
35	5
36	5
37	7
38	5
39	9
40	9
41	6
42	7
43	5
44	6
45	7
46	8
47	6
48	8
49	6
50	9
/

upsilon(w)       custo de operacao do setor produtivo w
/
1	5
2	4
3	4
4	7
5	4
/

d(i)     data de entrega de i
/
1	6
2	6
3	7
4	5
5	8
6	7
7	7
8	7
9	6
10	8
11	6
12	5
13	8
14	6
15	7
16	7
17	7
18	7
19	8
20	8
21	8
22	7
23	7
24	8
25	5
26	7
27	7
28	8
29	8
30	7
31	8
32	6
33	7
34	5
35	5
36	5
37	8
38	5
39	6
40	7
41	7
42	5
43	8
44	8
45	8
46	8
47	6
48	7
49	8
50	5
/
;
Table TP(i,w)    Tempo de processamento de i em w
         1        2        3        4        5        
1        1043     868      617      948      1148     
2        580      950      953      471      400      
3        408      414      440      346      539      
4        772      636      1035     801      1175     
5        322      329      860      1110     1171     
6        1132     761      1110     745      639      
7        474      468      321      680      864      
8        1066     1094     382      1077     344      
9        361      688      1032     867      518      
10       508      480      1089     724      1172     
11       353      356      983      908      932      
12       1152     798      408      514      911      
13       308      1053     1189     927      724      
14       433      1008     1160     987      443      
15       928      417      1020     433      1176     
16       380      748      1200     390      345      
17       301      373      404      1169     762      
18       560      971      926      1142     827      
19       764      1177     880      381      870      
20       600      610      560      747      377      
21       715      623      507      1035     814      
22       1086     690      769      561      397      
23       1151     1091     810      409      701      
24       477      774      428      657      481      
25       1154     778      1200     781      869      
26       1084     1151     1117     611      1112     
27       498      856      1167     1196     490      
28       776      1190     985      1159     547      
29       543      817      380      1198     838      
30       836      1075     1112     1006     548      
31       526      1147     1186     1147     818      
32       544      1016     731      649      741      
33       372      352      923      1178     725      
34       946      370      498      691      722      
35       752      644      941      425      992      
36       799      785      966      1035     933      
37       418      349      1162     629      1141     
38       519      848      1146     388      973      
39       1084     891      497      697      367      
40       329      1021     319      567      1051     
41       1067     444      489      613      1041     
42       544      1090     1030     781      679      
43       893      561      533      758      557      
44       386      1003     1027     969      1037     
45       921      420      776      942      760      
46       403      454      1200     514      516      
47       643      328      684      465      1145     
48       569      458      408      745      1041     
49       795      946      508      468      527      
50       451      619      1197     342      624      
;



Table CP(j,w)    Capacidade produtiva de w em j
         1        2        3        4        5        
1        23040    23040    23040    23040    23040    
2        23040    23040    23040    23040    23040    
3        23040    23040    23040    23040    23040    
4        23040    23040    23040    23040    23040    
5        23040    23040    23040    23040    23040    
6        23040    23040    23040    23040    23040    
7        23040    23040    23040    23040    23040    
8        23040    23040    23040    23040    23040    
9        23040    23040    23040    23040    23040    
;



