sets
    j        periodos de programacao          /1*11/
    i        indice dos pedidos              /1*30/
    w        indice dos estagios produtivos  /1*7/
    ;

    Parameters

    beta
    /0.0/
    tau(i)   custo diario de atraso do pedido i
/
1	6
2	9
3	6
4	7
5	6
6	8
7	5
8	5
9	6
10	8
11	7
12	6
13	8
14	8
15	9
16	9
17	5
18	9
19	7
20	8
21	9
22	6
23	6
24	8
25	8
26	9
27	9
28	8
29	9
30	5
/

upsilon(w)       custo de operacao do setor produtivo w
/
1	4
2	7
3	8
4	2
5	4
6	7
7	5
/

d(i)     data de entrega de i
/
1	9
2	7
3	9
4	7
5	10
6	8
7	8
8	8
9	8
10	9
11	9
12	8
13	7
14	9
15	7
16	8
17	9
18	7
19	9
20	9
21	7
22	8
23	10
24	9
25	8
26	9
27	9
28	10
29	9
30	9
/
;
Table TP(i,w)    Tempo de processamento de i em w
         1        2        3        4        5        6        7        
1        313      1156     712      1195     800      515      1069     
2        960      950      933      1077     1015     948      594      
3        718      629      790      438      1025     301      1018     
4        468      1096     810      561      1094     445      901      
5        1001     470      464      1134     737      311      331      
6        940      528      900      647      586      823      615      
7        399      721      1018     352      789      692      527      
8        981      421      956      921      906      997      1041     
9        417      470      498      409      1012     466      653      
10       347      349      678      585      1027     895      870      
11       347      980      853      434      991      425      1125     
12       580      437      1056     757      662      461      857      
13       941      833      1076     452      607      693      973      
14       327      1153     861      885      1174     789      1111     
15       487      899      702      870      941      965      902      
16       457      953      431      521      464      596      725      
17       647      1061     978      454      792      553      810      
18       496      798      365      1135     770      1183     389      
19       389      1048     1026     540      632      376      463      
20       1090     365      377      775      1174     975      1116     
21       587      646      345      977      790      1008     456      
22       492      372      621      587      1181     1075     1114     
23       353      914      843      491      974      1033     825      
24       1082     995      464      1090     669      820      464      
25       1062     1194     961      1122     313      342      1181     
26       1154     1199     600      646      841      907      873      
27       355      669      1062     595      799      831      340      
28       521      1051     565      710      1032     1162     981      
29       677      843      435      481      501      358      657      
30       677      851      591      449      869      527      742      
;



Table CP(j,w)    Capacidade produtiva de w em j
         1        2        3        4        5        6        7        
1        23040    23040    23040    23040    23040    23040    23040    
2        23040    23040    23040    23040    23040    23040    23040    
3        23040    23040    23040    23040    23040    23040    23040    
4        23040    23040    23040    23040    23040    23040    23040    
5        23040    23040    23040    23040    23040    23040    23040    
6        23040    23040    23040    23040    23040    23040    23040    
7        23040    23040    23040    23040    23040    23040    23040    
8        23040    23040    23040    23040    23040    23040    23040    
9        23040    23040    23040    23040    23040    23040    23040    
10       23040    23040    23040    23040    23040    23040    23040    
11       23040    23040    23040    23040    23040    23040    23040    
;



