sets
    j        periodos de programacao          /1*9/
    i        indice dos pedidos              /1*30/
    w        indice dos estagios produtivos  /1*7/
    ;

    Parameters

    beta
    /0.0/
    tau(i)   custo diario de atraso do pedido i
/
1	7
2	6
3	8
4	7
5	5
6	8
7	6
8	9
9	6
10	8
11	9
12	7
13	5
14	7
15	8
16	8
17	6
18	6
19	6
20	8
21	9
22	5
23	6
24	5
25	9
26	5
27	8
28	5
29	5
30	9
/

upsilon(w)       custo de operacao do setor produtivo w
/
1	2
2	5
3	1
4	4
5	9
6	2
7	5
/

d(i)     data de entrega de i
/
1	7
2	7
3	7
4	8
5	7
6	8
7	7
8	8
9	7
10	7
11	7
12	8
13	8
14	7
15	7
16	8
17	7
18	8
19	7
20	8
21	8
22	7
23	7
24	7
25	7
26	7
27	8
28	7
29	8
30	8
/
;
Table TP(i,w)    Tempo de processamento de i em w
         1        2        3        4        5        6        7        
1        882      772      1008     490      618      417      530      
2        644      722      825      607      603      943      832      
3        1108     615      1192     632      850      844      975      
4        658      376      711      906      725      527      301      
5        1140     545      668      555      972      782      870      
6        347      588      599      1077     558      707      1158     
7        766      849      372      705      330      919      756      
8        954      542      376      702      732      849      428      
9        666      537      418      670      516      599      643      
10       410      818      1024     1147     336      412      539      
11       758      799      707      1044     944      966      1096     
12       550      827      461      491      415      539      938      
13       694      1109     813      300      526      477      686      
14       421      326      331      641      1092     1161     930      
15       925      471      964      541      531      1042     823      
16       978      433      1145     1027     1019     948      719      
17       682      1042     695      303      911      749      785      
18       696      1105     323      1175     1105     488      713      
19       437      988      823      930      490      572      1179     
20       1096     511      805      412      752      904      796      
21       1092     867      585      1178     1163     343      1200     
22       1177     869      1200     968      1142     319      555      
23       1140     825      312      1019     1103     750      858      
24       1104     951      841      779      921      316      933      
25       1081     849      721      534      497      998      833      
26       817      1143     520      708      862      1066     960      
27       445      548      1171     829      540      973      880      
28       1069     519      668      983      690      393      569      
29       516      429      497      1110     384      470      652      
30       419      908      535      1121     956      376      1062     
;



Table CP(j,w)    Capacidade produtiva de w em j
         1        2        3        4        5        6        7        
1        23040    23040    23040    23040    23040    23040    23040    
2        23040    23040    23040    23040    23040    23040    23040    
3        23040    23040    23040    23040    23040    23040    23040    
4        23040    23040    23040    23040    23040    23040    23040    
5        23040    23040    23040    23040    23040    23040    23040    
6        23040    23040    23040    23040    23040    23040    23040    
7        23040    23040    23040    23040    23040    23040    23040    
8        23040    23040    23040    23040    23040    23040    23040    
9        23040    23040    23040    23040    23040    23040    23040    
;



