sets
    j        periodos de programacao          /1*9/
    i        indice dos pedidos              /1*30/
    w        indice dos estagios produtivos  /1*5/
    ;

    Parameters

    beta
    /0.0/
    tau(i)   custo diario de atraso do pedido i
/
1	9
2	6
3	5
4	7
5	7
6	5
7	6
8	8
9	5
10	7
11	6
12	5
13	5
14	5
15	5
16	8
17	5
18	5
19	9
20	5
21	6
22	6
23	5
24	6
25	8
26	9
27	8
28	9
29	6
30	7
/

upsilon(w)       custo de operacao do setor produtivo w
/
1	8
2	8
3	9
4	5
5	9
/

d(i)     data de entrega de i
/
1	6
2	6
3	5
4	8
5	5
6	7
7	7
8	6
9	8
10	7
11	5
12	5
13	5
14	6
15	8
16	6
17	5
18	8
19	5
20	5
21	5
22	8
23	5
24	8
25	6
26	8
27	8
28	6
29	5
30	6
/
;
Table TP(i,w)    Tempo de processamento de i em w
         1        2        3        4        5        
1        750      851      344      875      1110     
2        340      501      846      519      911      
3        917      965      632      1101     589      
4        1177     924      370      740      992      
5        658      753      818      851      1019     
6        1079     626      1010     742      1018     
7        968      554      376      945      577      
8        905      463      934      579      947      
9        833      428      937      601      1045     
10       1143     949      621      534      325      
11       507      551      1171     443      783      
12       917      1018     325      1107     771      
13       813      1002     886      728      481      
14       1078     694      665      513      975      
15       1181     718      1188     517      1118     
16       963      642      743      922      789      
17       529      635      862      303      473      
18       1120     482      710      692      797      
19       672      900      368      594      392      
20       945      1065     1168     366      806      
21       454      676      917      640      797      
22       869      314      679      1079     1112     
23       615      1001     632      808      414      
24       377      426      506      644      1086     
25       477      777      430      794      394      
26       529      936      688      519      808      
27       819      820      329      797      797      
28       773      532      838      464      408      
29       1055     941      536      637      1126     
30       425      521      909      302      386      
;



Table CP(j,w)    Capacidade produtiva de w em j
         1        2        3        4        5        
1        23040    23040    23040    23040    23040    
2        23040    23040    23040    23040    23040    
3        23040    23040    23040    23040    23040    
4        23040    23040    23040    23040    23040    
5        23040    23040    23040    23040    23040    
6        23040    23040    23040    23040    23040    
7        23040    23040    23040    23040    23040    
8        23040    23040    23040    23040    23040    
9        23040    23040    23040    23040    23040    
;



