sets
    j        periodos de programacao          /1*7/
    i        indice dos pedidos              /1*50/
    w        indice dos estagios produtivos  /1*3/
    ;

    Parameters

    beta
    /0.0/
    tau(i)   custo diario de atraso do pedido i
/
1	8
2	7
3	7
4	5
5	5
6	5
7	6
8	6
9	6
10	7
11	7
12	8
13	6
14	9
15	9
16	6
17	6
18	8
19	8
20	9
21	6
22	6
23	9
24	6
25	6
26	9
27	8
28	6
29	7
30	7
31	9
32	6
33	5
34	6
35	6
36	7
37	7
38	8
39	6
40	6
41	8
42	6
43	6
44	8
45	8
46	7
47	5
48	9
49	9
50	5
/

upsilon(w)       custo de operacao do setor produtivo w
/
1	1
2	4
3	3
/

d(i)     data de entrega de i
/
1	5
2	4
3	5
4	6
5	6
6	4
7	4
8	6
9	5
10	4
11	5
12	3
13	6
14	4
15	4
16	3
17	5
18	3
19	4
20	3
21	4
22	6
23	5
24	5
25	5
26	6
27	5
28	6
29	6
30	6
31	6
32	4
33	3
34	6
35	4
36	5
37	5
38	6
39	4
40	3
41	4
42	6
43	3
44	3
45	3
46	6
47	3
48	3
49	5
50	6
/
;
Table TP(i,w)    Tempo de processamento de i em w
         1        2        3        
1        805      721      733      
2        610      750      1177     
3        743      608      1143     
4        488      1063     566      
5        714      627      332      
6        403      619      523      
7        719      417      934      
8        646      327      1109     
9        554      612      1037     
10       850      1126     872      
11       1063     317      931      
12       763      926      986      
13       435      1084     661      
14       960      960      761      
15       1003     361      1038     
16       1072     456      1077     
17       1131     434      992      
18       496      725      1117     
19       421      798      1073     
20       436      373      657      
21       1108     477      1150     
22       462      462      412      
23       507      509      1051     
24       370      1156     1138     
25       413      957      366      
26       1080     786      392      
27       1144     781      889      
28       304      765      303      
29       636      1084     399      
30       1096     1157     360      
31       362      984      1144     
32       412      866      666      
33       489      648      873      
34       1120     964      887      
35       1039     676      385      
36       542      818      1102     
37       738      395      1140     
38       1017     878      500      
39       718      1001     935      
40       850      571      549      
41       863      755      1052     
42       802      343      759      
43       383      1108     972      
44       917      1015     561      
45       1041     1009     652      
46       966      750      775      
47       648      372      399      
48       1073     869      632      
49       637      804      382      
50       1008     1014     700      
;



Table CP(j,w)    Capacidade produtiva de w em j
         1        2        3        
1        23040    23040    23040    
2        23040    23040    23040    
3        23040    23040    23040    
4        23040    23040    23040    
5        23040    23040    23040    
6        23040    23040    23040    
7        23040    23040    23040    
;



