sets
    j        periodos de programacao          /1*9/
    i        indice dos pedidos              /1*30/
    w        indice dos estagios produtivos  /1*7/
    ;

    Parameters

    beta
    /0.0/
    tau(i)   custo diario de atraso do pedido i
/
1	8
2	5
3	6
4	5
5	8
6	8
7	8
8	7
9	5
10	9
11	8
12	9
13	6
14	8
15	9
16	6
17	9
18	9
19	5
20	9
21	5
22	7
23	7
24	5
25	8
26	6
27	7
28	7
29	7
30	5
/

upsilon(w)       custo de operacao do setor produtivo w
/
1	6
2	7
3	9
4	7
5	1
6	9
7	8
/

d(i)     data de entrega de i
/
1	7
2	7
3	7
4	8
5	8
6	8
7	7
8	7
9	8
10	8
11	8
12	7
13	7
14	8
15	8
16	8
17	7
18	8
19	7
20	7
21	7
22	8
23	7
24	7
25	8
26	8
27	7
28	7
29	7
30	7
/
;
Table TP(i,w)    Tempo de processamento de i em w
         1        2        3        4        5        6        7        
1        1021     403      451      598      1167     956      1173     
2        1200     919      598      1175     1111     888      1012     
3        1111     376      711      834      917      452      418      
4        488      552      738      909      682      675      1115     
5        445      800      451      1042     524      715      567      
6        715      607      825      581      950      519      1188     
7        320      969      1198     958      668      963      747      
8        1126     640      605      821      1122     300      716      
9        351      685      534      322      732      409      639      
10       750      610      931      318      534      875      564      
11       1003     749      709      1056     1073     660      561      
12       954      316      813      1095     485      923      901      
13       590      1200     733      706      640      509      1009     
14       674      803      898      444      666      1005     347      
15       1102     1194     494      891      682      1106     1009     
16       600      305      525      932      962      1173     405      
17       662      926      836      429      432      523      559      
18       1044     317      794      549      386      936      1154     
19       780      1180     890      1148     352      396      411      
20       842      356      761      999      1046     820      410      
21       438      781      666      911      1020     932      403      
22       1140     1129     816      441      554      326      1084     
23       314      328      654      612      1174     353      944      
24       1096     782      516      846      1154     553      1154     
25       684      342      1196     465      417      653      391      
26       629      988      1006     1199     667      915      1193     
27       449      696      1115     456      572      423      723      
28       955      600      787      374      1117     713      1117     
29       876      567      789      586      1126     557      1088     
30       761      626      736      750      810      635      585      
;



Table CP(j,w)    Capacidade produtiva de w em j
         1        2        3        4        5        6        7        
1        23040    23040    23040    23040    23040    23040    23040    
2        23040    23040    23040    23040    23040    23040    23040    
3        23040    23040    23040    23040    23040    23040    23040    
4        23040    23040    23040    23040    23040    23040    23040    
5        23040    23040    23040    23040    23040    23040    23040    
6        23040    23040    23040    23040    23040    23040    23040    
7        23040    23040    23040    23040    23040    23040    23040    
8        23040    23040    23040    23040    23040    23040    23040    
9        23040    23040    23040    23040    23040    23040    23040    
;



