sets
    j        periodos de programacao          /1*9/
    i        indice dos pedidos              /1*30/
    w        indice dos estagios produtivos  /1*5/
    ;

    Parameters

    beta
    /0.0/
    tau(i)   custo diario de atraso do pedido i
/
1	6
2	8
3	7
4	8
5	5
6	6
7	8
8	8
9	7
10	8
11	5
12	6
13	9
14	7
15	7
16	6
17	9
18	9
19	6
20	8
21	8
22	8
23	6
24	6
25	7
26	9
27	5
28	5
29	6
30	6
/

upsilon(w)       custo de operacao do setor produtivo w
/
1	4
2	8
3	9
4	5
5	2
/

d(i)     data de entrega de i
/
1	6
2	6
3	5
4	6
5	8
6	7
7	7
8	7
9	8
10	8
11	5
12	8
13	7
14	7
15	8
16	5
17	8
18	8
19	6
20	6
21	5
22	7
23	5
24	6
25	7
26	6
27	5
28	5
29	7
30	5
/
;
Table TP(i,w)    Tempo de processamento de i em w
         1        2        3        4        5        
1        648      496      311      790      521      
2        979      595      1199     682      1127     
3        1159     323      331      1171     1078     
4        356      489      855      1182     347      
5        1169     524      1118     962      573      
6        845      918      1141     832      992      
7        875      689      990      820      1087     
8        782      786      745      1099     1126     
9        1045     364      372      913      1064     
10       642      769      743      519      426      
11       1024     378      881      314      1142     
12       936      335      944      744      963      
13       1100     874      718      1098     1081     
14       816      465      616      919      865      
15       1143     886      867      1119     1070     
16       357      662      1127     1185     901      
17       918      617      583      1132     947      
18       1102     1178     1071     819      482      
19       400      1189     625      614      702      
20       630      661      911      765      440      
21       1056     369      1193     869      1109     
22       621      1133     497      658      947      
23       435      396      749      381      914      
24       662      964      1012     932      1158     
25       824      1179     854      1053     355      
26       1120     774      498      865      805      
27       1094     1068     601      811      344      
28       1000     932      1067     822      352      
29       789      863      494      1177     1162     
30       816      663      691      534      405      
;



Table CP(j,w)    Capacidade produtiva de w em j
         1        2        3        4        5        
1        23040    23040    23040    23040    23040    
2        23040    23040    23040    23040    23040    
3        23040    23040    23040    23040    23040    
4        23040    23040    23040    23040    23040    
5        23040    23040    23040    23040    23040    
6        23040    23040    23040    23040    23040    
7        23040    23040    23040    23040    23040    
8        23040    23040    23040    23040    23040    
9        23040    23040    23040    23040    23040    
;



