sets
    j        periodos de programacao          /1*5/
    i        indice dos pedidos              /1*200/
    w        indice dos estagios produtivos  /1*3/
    ;

    Parameters

    beta
    /0.0/
    tau(i)   custo diario de atraso do pedido i
/
1	7
2	5
3	5
4	5
5	8
6	8
7	8
8	8
9	7
10	6
11	8
12	6
13	9
14	7
15	7
16	9
17	7
18	6
19	8
20	8
21	5
22	9
23	5
24	7
25	8
26	8
27	9
28	8
29	7
30	7
31	5
32	9
33	6
34	5
35	7
36	7
37	5
38	5
39	6
40	8
41	8
42	8
43	5
44	7
45	7
46	9
47	7
48	6
49	9
50	8
51	7
52	5
53	8
54	7
55	9
56	8
57	6
58	8
59	6
60	8
61	8
62	8
63	9
64	7
65	9
66	5
67	6
68	9
69	5
70	7
71	6
72	7
73	7
74	7
75	9
76	5
77	6
78	6
79	6
80	6
81	8
82	7
83	8
84	5
85	8
86	5
87	6
88	8
89	7
90	9
91	9
92	9
93	9
94	7
95	7
96	5
97	6
98	7
99	6
100	6
101	7
102	5
103	6
104	5
105	6
106	9
107	9
108	7
109	5
110	8
111	7
112	7
113	5
114	5
115	6
116	9
117	9
118	9
119	6
120	9
121	6
122	7
123	5
124	5
125	8
126	5
127	5
128	8
129	8
130	6
131	6
132	7
133	8
134	8
135	5
136	6
137	5
138	6
139	5
140	8
141	6
142	6
143	6
144	8
145	7
146	8
147	9
148	7
149	9
150	9
151	7
152	7
153	9
154	6
155	6
156	5
157	9
158	7
159	7
160	7
161	6
162	5
163	5
164	9
165	8
166	6
167	6
168	8
169	6
170	6
171	8
172	5
173	5
174	9
175	5
176	6
177	7
178	6
179	5
180	8
181	5
182	6
183	8
184	6
185	9
186	8
187	8
188	8
189	5
190	9
191	8
192	9
193	7
194	8
195	8
196	5
197	9
198	5
199	6
200	8
/

upsilon(w)       custo de operacao do setor produtivo w
/
1	8
2	2
3	6
/

d(i)     data de entrega de i
/
1	3
2	4
3	4
4	4
5	3
6	4
7	3
8	3
9	3
10	3
11	4
12	4
13	4
14	4
15	3
16	4
17	4
18	4
19	3
20	3
21	3
22	4
23	3
24	4
25	4
26	4
27	3
28	3
29	4
30	3
31	3
32	3
33	4
34	4
35	3
36	3
37	3
38	4
39	3
40	3
41	3
42	4
43	3
44	3
45	3
46	4
47	4
48	3
49	4
50	3
51	3
52	4
53	3
54	3
55	3
56	3
57	3
58	4
59	4
60	4
61	3
62	4
63	4
64	4
65	3
66	4
67	4
68	3
69	4
70	4
71	4
72	4
73	3
74	4
75	4
76	3
77	4
78	4
79	4
80	4
81	3
82	4
83	3
84	4
85	4
86	4
87	3
88	4
89	3
90	4
91	3
92	4
93	4
94	4
95	4
96	3
97	3
98	4
99	4
100	3
101	3
102	4
103	4
104	4
105	4
106	4
107	3
108	4
109	4
110	4
111	4
112	3
113	3
114	3
115	3
116	4
117	4
118	4
119	3
120	3
121	3
122	4
123	3
124	4
125	3
126	3
127	4
128	3
129	3
130	4
131	3
132	3
133	4
134	3
135	4
136	4
137	4
138	4
139	3
140	3
141	4
142	3
143	3
144	4
145	4
146	3
147	3
148	4
149	4
150	4
151	4
152	3
153	3
154	4
155	3
156	3
157	3
158	3
159	4
160	3
161	4
162	4
163	4
164	3
165	3
166	4
167	3
168	4
169	4
170	3
171	3
172	4
173	4
174	4
175	4
176	4
177	3
178	4
179	4
180	4
181	4
182	3
183	4
184	3
185	4
186	4
187	3
188	4
189	3
190	3
191	4
192	4
193	3
194	3
195	3
196	4
197	3
198	4
199	3
200	4
/
;
Table TP(i,w)    Tempo de processamento de i em w
         1        2        3        
1        848      755      360      
2        352      651      1166     
3        1080     881      989      
4        780      517      639      
5        498      941      683      
6        714      679      729      
7        341      1051     1063     
8        626      611      900      
9        804      1185     504      
10       1112     405      457      
11       702      1105     937      
12       1104     1163     1042     
13       1112     742      740      
14       607      378      915      
15       621      814      355      
16       1041     884      686      
17       865      947      1147     
18       937      1011     359      
19       970      1064     500      
20       658      700      948      
21       481      1176     513      
22       593      866      1130     
23       923      832      1172     
24       626      811      514      
25       1051     717      1026     
26       622      516      308      
27       342      1074     813      
28       460      327      770      
29       648      957      301      
30       817      1174     1106     
31       392      371      1184     
32       986      1121     903      
33       512      894      338      
34       1056     1092     570      
35       948      486      406      
36       804      406      473      
37       1020     1184     1193     
38       1132     1135     573      
39       518      616      502      
40       481      1035     1178     
41       341      809      833      
42       374      866      324      
43       397      907      890      
44       695      414      551      
45       715      625      408      
46       663      1077     759      
47       770      1003     358      
48       797      509      1079     
49       878      1192     606      
50       1092     1187     741      
51       436      789      527      
52       854      650      613      
53       1116     477      561      
54       896      1138     690      
55       704      1200     331      
56       359      469      542      
57       769      969      512      
58       721      622      867      
59       1070     680      1096     
60       763      348      1120     
61       700      459      393      
62       739      504      768      
63       702      669      1040     
64       908      866      818      
65       610      1199     430      
66       849      303      728      
67       820      1156     1175     
68       309      524      824      
69       437      488      1199     
70       873      671      541      
71       1035     506      824      
72       820      375      718      
73       620      650      945      
74       894      487      318      
75       458      1076     623      
76       873      390      448      
77       388      965      822      
78       942      409      995      
79       452      769      1185     
80       376      815      674      
81       863      661      342      
82       1056     1167     986      
83       895      797      561      
84       819      600      812      
85       1057     769      812      
86       1159     852      1124     
87       342      496      891      
88       691      1198     383      
89       386      342      521      
90       405      662      454      
91       1045     1166     1040     
92       948      333      372      
93       931      371      1004     
94       380      574      964      
95       667      819      899      
96       876      359      432      
97       765      315      1051     
98       463      410      858      
99       973      519      810      
100      556      817      991      
101      972      1167     836      
102      779      307      861      
103      562      483      1159     
104      1080     679      879      
105      421      314      1196     
106      927      690      514      
107      1117     1148     815      
108      988      417      900      
109      326      426      782      
110      714      716      509      
111      438      946      607      
112      739      532      1015     
113      906      645      868      
114      911      807      643      
115      987      711      602      
116      310      362      354      
117      828      389      704      
118      431      713      510      
119      985      978      1083     
120      919      389      327      
121      994      637      1091     
122      451      753      1007     
123      369      622      436      
124      378      355      1097     
125      714      758      1161     
126      373      1058     802      
127      359      1067     623      
128      753      1194     1103     
129      576      823      725      
130      681      1107     460      
131      600      445      601      
132      738      350      1026     
133      430      1172     480      
134      355      305      735      
135      746      755      910      
136      842      1163     348      
137      513      803      524      
138      602      556      535      
139      983      761      576      
140      664      620      592      
141      551      367      462      
142      562      1160     1033     
143      1015     880      414      
144      1085     1063     330      
145      976      503      697      
146      833      678      640      
147      631      1163     946      
148      990      543      409      
149      954      810      813      
150      323      1000     997      
151      685      658      533      
152      1136     731      1151     
153      380      449      808      
154      962      745      700      
155      370      1078     658      
156      798      459      688      
157      388      830      1015     
158      349      1099     721      
159      695      1077     1194     
160      826      1140     802      
161      1083     621      598      
162      591      894      761      
163      835      662      715      
164      397      1186     704      
165      1105     394      912      
166      622      464      986      
167      1030     1187     513      
168      1102     459      1076     
169      828      336      888      
170      880      876      1184     
171      849      699      677      
172      567      868      785      
173      516      343      1096     
174      760      676      1100     
175      447      973      868      
176      680      785      1037     
177      897      850      787      
178      1118     320      917      
179      1082     739      868      
180      916      930      789      
181      920      309      633      
182      969      1074     1164     
183      474      813      965      
184      1029     477      888      
185      1105     993      1058     
186      411      1001     993      
187      863      329      389      
188      1061     483      1141     
189      1078     440      1172     
190      873      1046     665      
191      772      877      948      
192      693      1141     624      
193      709      444      934      
194      1087     475      1085     
195      1144     749      480      
196      1133     301      949      
197      932      1099     1037     
198      902      316      620      
199      711      428      771      
200      392      942      844      
;



Table CP(j,w)    Capacidade produtiva de w em j
         1        2        3        
1        23040    23040    23040    
2        23040    23040    23040    
3        23040    23040    23040    
4        23040    23040    23040    
5        23040    23040    23040    
;



