sets
    j        periodos de programacao          /1*9/
    i        indice dos pedidos              /1*50/
    w        indice dos estagios produtivos  /1*7/
    ;

    Parameters

    beta
    /0.0/
    tau(i)   custo diario de atraso do pedido i
/
1	6
2	5
3	5
4	6
5	5
6	9
7	5
8	8
9	9
10	7
11	9
12	9
13	7
14	8
15	7
16	6
17	7
18	5
19	6
20	5
21	7
22	6
23	9
24	5
25	7
26	8
27	6
28	9
29	9
30	5
31	6
32	6
33	9
34	7
35	5
36	5
37	7
38	8
39	9
40	8
41	5
42	9
43	9
44	6
45	9
46	7
47	8
48	9
49	7
50	6
/

upsilon(w)       custo de operacao do setor produtivo w
/
1	7
2	4
3	8
4	5
5	9
6	4
7	3
/

d(i)     data de entrega de i
/
1	8
2	8
3	7
4	8
5	7
6	7
7	8
8	8
9	8
10	7
11	8
12	8
13	7
14	8
15	8
16	8
17	7
18	8
19	8
20	7
21	8
22	8
23	7
24	7
25	7
26	8
27	7
28	7
29	8
30	8
31	7
32	8
33	8
34	8
35	7
36	8
37	8
38	8
39	8
40	8
41	7
42	8
43	7
44	8
45	7
46	8
47	7
48	8
49	7
50	8
/
;
Table TP(i,w)    Tempo de processamento de i em w
         1        2        3        4        5        6        7        
1        728      838      583      421      1085     525      579      
2        932      786      804      933      387      940      1111     
3        1181     841      768      759      313      1197     332      
4        1028     310      1125     489      600      348      1137     
5        587      997      552      852      504      1157     1083     
6        460      388      1045     1020     646      799      472      
7        1190     763      1011     444      610      1033     892      
8        395      1194     507      1058     1093     303      396      
9        1103     834      854      1012     557      1085     534      
10       1144     516      1060     1037     844      516      404      
11       1140     466      425      666      984      687      712      
12       746      581      525      475      805      1129     592      
13       949      957      393      925      1071     415      1077     
14       1148     880      729      554      864      862      343      
15       655      758      569      685      834      713      574      
16       526      892      449      1092     1084     540      606      
17       365      911      427      949      528      596      1077     
18       1165     345      712      684      394      710      472      
19       595      1050     502      1184     837      796      831      
20       349      1188     496      748      562      620      1129     
21       714      1069     517      983      387      1131     1180     
22       939      1015     837      800      499      997      1071     
23       1093     968      614      958      311      768      998      
24       1140     960      920      702      968      698      488      
25       416      902      669      901      976      866      569      
26       713      942      402      682      757      327      590      
27       477      1027     1134     905      948      317      1058     
28       857      991      1071     1110     428      867      507      
29       769      1039     878      1019     675      1026     1040     
30       771      321      1044     1151     811      1036     886      
31       437      500      929      696      799      1081     357      
32       617      379      1002     917      479      493      1147     
33       396      661      488      839      323      581      686      
34       502      374      823      1069     479      551      492      
35       793      665      457      1195     438      492      802      
36       1048     388      418      1084     724      312      980      
37       487      715      494      632      1195     616      1010     
38       537      509      550      404      592      729      389      
39       795      872      544      970      840      531      1136     
40       1160     720      559      804      429      304      386      
41       980      806      610      673      1146     775      540      
42       456      875      944      649      583      851      1186     
43       1173     396      837      1056     993      995      745      
44       830      1133     351      776      894      784      1199     
45       639      353      455      762      1009     1127     1182     
46       723      520      518      436      335      1164     687      
47       369      678      788      881      767      1041     1133     
48       341      1043     334      662      1106     857      1037     
49       1117     1061     998      403      722      1044     705      
50       577      438      777      849      301      537      1003     
;



Table CP(j,w)    Capacidade produtiva de w em j
         1        2        3        4        5        6        7        
1        23040    23040    23040    23040    23040    23040    23040    
2        23040    23040    23040    23040    23040    23040    23040    
3        23040    23040    23040    23040    23040    23040    23040    
4        23040    23040    23040    23040    23040    23040    23040    
5        23040    23040    23040    23040    23040    23040    23040    
6        23040    23040    23040    23040    23040    23040    23040    
7        23040    23040    23040    23040    23040    23040    23040    
8        23040    23040    23040    23040    23040    23040    23040    
9        23040    23040    23040    23040    23040    23040    23040    
;



