sets
    j        periodos de programacao          /1*5/
    i        indice dos pedidos              /1*30/
    w        indice dos estagios produtivos  /1*3/
    ;

    Parameters

    beta
    /0.0/
    tau(i)   custo diario de atraso do pedido i
/
1	9
2	7
3	6
4	6
5	7
6	7
7	5
8	5
9	9
10	5
11	7
12	5
13	7
14	7
15	5
16	8
17	6
18	8
19	9
20	8
21	9
22	9
23	6
24	8
25	9
26	7
27	5
28	9
29	9
30	7
/

upsilon(w)       custo de operacao do setor produtivo w
/
1	4
2	2
3	2
/

d(i)     data de entrega de i
/
1	4
2	3
3	4
4	4
5	3
6	3
7	3
8	3
9	4
10	3
11	3
12	4
13	3
14	4
15	4
16	4
17	4
18	3
19	3
20	4
21	3
22	3
23	4
24	3
25	3
26	4
27	4
28	4
29	3
30	4
/
;
Table TP(i,w)    Tempo de processamento de i em w
         1        2        3        
1        942      712      868      
2        661      1173     507      
3        1050     532      973      
4        608      368      436      
5        713      864      724      
6        891      482      1057     
7        383      794      1100     
8        528      301      568      
9        419      780      765      
10       343      831      583      
11       766      600      803      
12       546      637      1001     
13       767      855      582      
14       811      1164     925      
15       364      588      323      
16       558      341      1043     
17       337      910      648      
18       1101     420      527      
19       1194     703      838      
20       495      946      1136     
21       1175     661      1121     
22       722      767      1197     
23       325      778      441      
24       1053     942      374      
25       1004     1156     874      
26       772      1115     356      
27       1027     621      794      
28       399      1134     348      
29       605      631      378      
30       376      914      631      
;



Table CP(j,w)    Capacidade produtiva de w em j
         1        2        3        
1        23040    23040    23040    
2        23040    23040    23040    
3        23040    23040    23040    
4        23040    23040    23040    
5        23040    23040    23040    
;



