sets
    j        periodos de programacao          /1*7/
    i        indice dos pedidos              /1*50/
    w        indice dos estagios produtivos  /1*3/
    ;

    Parameters

    beta
    /0.0/
    tau(i)   custo diario de atraso do pedido i
/
1	9
2	8
3	9
4	6
5	5
6	6
7	5
8	9
9	9
10	6
11	8
12	5
13	6
14	7
15	9
16	7
17	9
18	5
19	6
20	8
21	8
22	8
23	8
24	9
25	5
26	6
27	9
28	5
29	7
30	5
31	8
32	9
33	6
34	8
35	9
36	7
37	7
38	9
39	7
40	5
41	5
42	5
43	6
44	5
45	9
46	6
47	8
48	5
49	8
50	5
/

upsilon(w)       custo de operacao do setor produtivo w
/
1	8
2	6
3	4
/

d(i)     data de entrega de i
/
1	3
2	6
3	6
4	3
5	4
6	3
7	5
8	3
9	6
10	5
11	5
12	3
13	6
14	3
15	4
16	5
17	5
18	4
19	4
20	6
21	4
22	4
23	5
24	4
25	5
26	5
27	3
28	3
29	6
30	3
31	4
32	6
33	3
34	5
35	6
36	6
37	6
38	5
39	5
40	5
41	3
42	6
43	6
44	6
45	3
46	3
47	3
48	4
49	5
50	5
/
;
Table TP(i,w)    Tempo de processamento de i em w
         1        2        3        
1        1008     533      977      
2        624      524      518      
3        924      426      811      
4        759      756      390      
5        1041     964      948      
6        1119     1089     652      
7        1002     382      383      
8        1119     725      430      
9        982      507      546      
10       810      1073     918      
11       627      582      529      
12       703      876      1068     
13       1079     648      1044     
14       1126     457      766      
15       1117     405      1186     
16       1105     583      970      
17       1149     1131     537      
18       980      330      427      
19       466      771      691      
20       443      676      372      
21       596      1183     938      
22       587      701      845      
23       648      1004     806      
24       1078     799      814      
25       536      770      563      
26       1010     463      926      
27       688      338      1136     
28       685      367      803      
29       502      997      703      
30       960      1061     830      
31       366      1194     397      
32       638      432      1155     
33       566      522      751      
34       965      1078     594      
35       986      633      705      
36       633      586      1063     
37       647      485      807      
38       410      779      471      
39       604      918      790      
40       1155     649      1191     
41       1088     780      900      
42       1010     753      1064     
43       932      725      632      
44       1031     360      871      
45       957      1065     481      
46       449      823      314      
47       599      684      506      
48       445      1165     348      
49       1080     325      871      
50       334      994      1169     
;



Table CP(j,w)    Capacidade produtiva de w em j
         1        2        3        
1        23040    23040    23040    
2        23040    23040    23040    
3        23040    23040    23040    
4        23040    23040    23040    
5        23040    23040    23040    
6        23040    23040    23040    
7        23040    23040    23040    
;



