sets
    j        periodos de programacao          /1*7/
    i        indice dos pedidos              /1*50/
    w        indice dos estagios produtivos  /1*3/
    ;

    Parameters

    beta
    /0.0/
    tau(i)   custo diario de atraso do pedido i
/
1	5
2	5
3	5
4	6
5	5
6	6
7	8
8	8
9	5
10	5
11	9
12	8
13	9
14	7
15	9
16	5
17	7
18	6
19	8
20	6
21	8
22	8
23	6
24	5
25	5
26	9
27	7
28	9
29	6
30	8
31	6
32	8
33	7
34	6
35	5
36	6
37	6
38	9
39	6
40	7
41	6
42	6
43	7
44	7
45	7
46	6
47	5
48	5
49	8
50	8
/

upsilon(w)       custo de operacao do setor produtivo w
/
1	3
2	2
3	5
/

d(i)     data de entrega de i
/
1	6
2	5
3	6
4	3
5	6
6	4
7	4
8	5
9	4
10	4
11	5
12	3
13	5
14	5
15	5
16	5
17	5
18	6
19	4
20	3
21	6
22	5
23	5
24	4
25	6
26	6
27	4
28	4
29	4
30	5
31	3
32	4
33	4
34	4
35	4
36	4
37	5
38	6
39	6
40	4
41	4
42	4
43	6
44	6
45	3
46	3
47	6
48	6
49	5
50	5
/
;
Table TP(i,w)    Tempo de processamento de i em w
         1        2        3        
1        763      832      637      
2        676      889      512      
3        810      982      406      
4        1056     996      1009     
5        1100     1168     849      
6        587      1094     919      
7        950      555      840      
8        1006     550      1055     
9        1092     842      1171     
10       1082     316      1058     
11       1018     778      449      
12       546      566      1154     
13       615      561      1184     
14       338      1125     739      
15       442      957      1123     
16       654      538      350      
17       1081     320      327      
18       499      740      1197     
19       716      738      666      
20       442      347      1119     
21       406      404      866      
22       487      838      1161     
23       428      1191     625      
24       815      618      535      
25       1068     439      917      
26       740      332      1176     
27       979      693      654      
28       1009     780      592      
29       840      481      919      
30       343      918      503      
31       410      971      337      
32       482      1190     714      
33       842      1185     417      
34       702      1182     1082     
35       320      782      318      
36       400      927      857      
37       500      1113     394      
38       392      437      336      
39       311      900      676      
40       1183     583      454      
41       951      369      440      
42       841      1024     778      
43       573      368      503      
44       851      788      1078     
45       663      1139     640      
46       1128     516      906      
47       618      1161     990      
48       647      1044     649      
49       1131     797      549      
50       1193     547      735      
;



Table CP(j,w)    Capacidade produtiva de w em j
         1        2        3        
1        23040    23040    23040    
2        23040    23040    23040    
3        23040    23040    23040    
4        23040    23040    23040    
5        23040    23040    23040    
6        23040    23040    23040    
7        23040    23040    23040    
;



