sets
    j        periodos de programacao          /1*5/
    i        indice dos pedidos              /1*50/
    w        indice dos estagios produtivos  /1*3/
    ;

    Parameters

    beta
    /0.0/
    tau(i)   custo diario de atraso do pedido i
/
1	6
2	9
3	9
4	5
5	5
6	7
7	8
8	8
9	6
10	7
11	7
12	6
13	5
14	9
15	7
16	6
17	5
18	5
19	6
20	6
21	8
22	6
23	5
24	5
25	9
26	9
27	8
28	7
29	8
30	9
31	6
32	5
33	5
34	5
35	6
36	9
37	7
38	6
39	8
40	6
41	6
42	8
43	7
44	9
45	7
46	8
47	7
48	8
49	9
50	5
/

upsilon(w)       custo de operacao do setor produtivo w
/
1	4
2	6
3	9
/

d(i)     data de entrega de i
/
1	4
2	3
3	4
4	4
5	3
6	4
7	4
8	4
9	4
10	3
11	4
12	3
13	3
14	3
15	4
16	3
17	3
18	3
19	3
20	3
21	3
22	3
23	4
24	4
25	3
26	4
27	4
28	3
29	3
30	4
31	4
32	4
33	3
34	3
35	4
36	3
37	3
38	3
39	3
40	4
41	4
42	4
43	4
44	4
45	4
46	3
47	4
48	4
49	3
50	3
/
;
Table TP(i,w)    Tempo de processamento de i em w
         1        2        3        
1        919      917      379      
2        912      717      467      
3        426      1009     899      
4        332      566      1062     
5        1046     1021     806      
6        328      1138     700      
7        351      996      823      
8        512      893      421      
9        1180     513      357      
10       844      1173     979      
11       502      357      1098     
12       727      1023     590      
13       451      708      356      
14       423      770      328      
15       1019     1109     926      
16       672      780      308      
17       849      978      365      
18       513      423      975      
19       862      1167     359      
20       306      1045     1104     
21       988      1191     638      
22       610      641      713      
23       728      474      312      
24       829      623      576      
25       353      788      677      
26       406      1150     318      
27       531      1022     357      
28       500      325      479      
29       932      949      509      
30       606      834      477      
31       806      865      1128     
32       687      870      972      
33       991      786      902      
34       608      1139     949      
35       1069     619      804      
36       477      553      735      
37       490      587      756      
38       957      707      326      
39       1007     585      1122     
40       950      1126     714      
41       896      884      347      
42       1053     693      865      
43       816      481      319      
44       431      985      379      
45       747      1180     776      
46       656      1180     413      
47       1003     610      625      
48       922      914      615      
49       579      583      973      
50       699      984      386      
;



Table CP(j,w)    Capacidade produtiva de w em j
         1        2        3        
1        23040    23040    23040    
2        23040    23040    23040    
3        23040    23040    23040    
4        23040    23040    23040    
5        23040    23040    23040    
;



