sets
    j        periodos de programacao          /1*7/
    i        indice dos pedidos              /1*30/
    w        indice dos estagios produtivos  /1*5/
    ;

    Parameters

    beta
    /0.0/
    tau(i)   custo diario de atraso do pedido i
/
1	5
2	8
3	6
4	7
5	5
6	7
7	6
8	6
9	7
10	5
11	6
12	7
13	7
14	9
15	6
16	5
17	5
18	6
19	7
20	8
21	6
22	6
23	5
24	5
25	6
26	5
27	9
28	5
29	6
30	7
/

upsilon(w)       custo de operacao do setor produtivo w
/
1	8
2	9
3	7
4	3
5	9
/

d(i)     data de entrega de i
/
1	5
2	5
3	6
4	5
5	5
6	5
7	6
8	6
9	6
10	6
11	6
12	5
13	5
14	5
15	6
16	5
17	6
18	5
19	6
20	5
21	6
22	5
23	5
24	5
25	5
26	6
27	6
28	6
29	6
30	5
/
;
Table TP(i,w)    Tempo de processamento de i em w
         1        2        3        4        5        
1        1069     540      776      361      413      
2        951      646      1195     1076     374      
3        450      866      983      848      1158     
4        693      454      435      642      396      
5        823      430      955      549      337      
6        492      588      881      920      347      
7        1085     991      703      781      740      
8        1015     991      792      334      578      
9        614      794      759      534      1178     
10       364      582      455      1176     630      
11       885      1144     414      1031     1075     
12       1051     1090     513      334      663      
13       387      1194     701      629      304      
14       1181     486      1034     736      971      
15       636      345      1171     879      643      
16       980      677      628      886      524      
17       1005     952      1094     1080     833      
18       866      750      706      372      847      
19       331      1115     677      998      1116     
20       506      468      1096     333      864      
21       1116     500      1160     785      551      
22       626      745      657      821      932      
23       654      552      1087     423      766      
24       388      529      539      602      459      
25       459      819      873      888      612      
26       605      671      683      423      974      
27       520      395      867      344      867      
28       311      536      623      1139     656      
29       823      986      363      1140     474      
30       1130     755      451      723      360      
;



Table CP(j,w)    Capacidade produtiva de w em j
         1        2        3        4        5        
1        23040    23040    23040    23040    23040    
2        23040    23040    23040    23040    23040    
3        23040    23040    23040    23040    23040    
4        23040    23040    23040    23040    23040    
5        23040    23040    23040    23040    23040    
6        23040    23040    23040    23040    23040    
7        23040    23040    23040    23040    23040    
;



