sets
    j        periodos de programacao          /1*7/
    i        indice dos pedidos              /1*50/
    w        indice dos estagios produtivos  /1*5/
    ;

    Parameters

    beta
    /0.0/
    tau(i)   custo diario de atraso do pedido i
/
1	7
2	8
3	5
4	7
5	7
6	8
7	6
8	5
9	8
10	8
11	6
12	5
13	8
14	6
15	6
16	5
17	7
18	7
19	7
20	9
21	9
22	8
23	5
24	5
25	8
26	7
27	9
28	7
29	9
30	8
31	5
32	5
33	7
34	8
35	5
36	8
37	8
38	8
39	5
40	9
41	5
42	9
43	8
44	6
45	7
46	5
47	6
48	7
49	9
50	7
/

upsilon(w)       custo de operacao do setor produtivo w
/
1	8
2	5
3	8
4	3
5	4
/

d(i)     data de entrega de i
/
1	5
2	5
3	6
4	6
5	5
6	5
7	6
8	5
9	6
10	5
11	5
12	6
13	6
14	6
15	6
16	6
17	6
18	5
19	6
20	6
21	5
22	6
23	5
24	5
25	6
26	5
27	5
28	6
29	6
30	5
31	6
32	5
33	5
34	6
35	6
36	6
37	6
38	6
39	5
40	6
41	5
42	5
43	6
44	5
45	5
46	5
47	5
48	6
49	5
50	6
/
;
Table TP(i,w)    Tempo de processamento de i em w
         1        2        3        4        5        
1        915      1054     647      1041     844      
2        999      1181     700      997      668      
3        528      642      1028     935      371      
4        386      626      415      494      702      
5        737      476      763      723      912      
6        540      572      940      443      616      
7        380      751      1107     353      1094     
8        653      971      1153     934      1200     
9        968      630      1090     1100     632      
10       1152     839      983      1115     1089     
11       825      901      321      613      756      
12       450      1174     670      966      363      
13       448      1168     363      425      635      
14       1086     621      1110     666      733      
15       1005     577      788      1182     1101     
16       852      985      670      744      925      
17       703      967      978      1046     1180     
18       1035     901      998      792      493      
19       378      601      474      806      457      
20       671      476      481      305      1079     
21       700      1171     361      688      1178     
22       874      517      1171     622      764      
23       461      815      1169     634      1076     
24       820      766      496      1198     548      
25       330      679      504      1097     548      
26       1175     400      734      1148     1058     
27       561      524      334      787      1169     
28       330      1131     1111     825      1113     
29       931      893      498      367      645      
30       538      887      485      406      449      
31       826      843      964      1010     730      
32       568      389      758      770      533      
33       1077     407      609      1068     463      
34       1163     654      1004     597      1025     
35       575      710      325      1110     1099     
36       458      786      549      305      630      
37       719      585      327      594      336      
38       379      522      324      881      565      
39       390      1102     601      346      768      
40       691      1029     586      1084     910      
41       990      731      806      576      837      
42       760      867      909      1107     639      
43       1116     517      434      1177     581      
44       594      953      783      1125     406      
45       608      397      817      582      788      
46       609      586      1125     514      746      
47       1144     603      1106     345      887      
48       1175     828      765      876      586      
49       1129     1014     659      488      327      
50       1013     575      899      1134     627      
;



Table CP(j,w)    Capacidade produtiva de w em j
         1        2        3        4        5        
1        23040    23040    23040    23040    23040    
2        23040    23040    23040    23040    23040    
3        23040    23040    23040    23040    23040    
4        23040    23040    23040    23040    23040    
5        23040    23040    23040    23040    23040    
6        23040    23040    23040    23040    23040    
7        23040    23040    23040    23040    23040    
;



