sets
    j        periodos de programacao          /1*7/
    i        indice dos pedidos              /1*50/
    w        indice dos estagios produtivos  /1*5/
    ;

    Parameters

    beta
    /0.0/
    tau(i)   custo diario de atraso do pedido i
/
1	7
2	5
3	6
4	6
5	6
6	5
7	8
8	7
9	7
10	7
11	6
12	5
13	8
14	7
15	8
16	7
17	8
18	5
19	6
20	5
21	5
22	9
23	9
24	6
25	5
26	8
27	6
28	8
29	5
30	5
31	5
32	9
33	7
34	5
35	7
36	5
37	9
38	8
39	8
40	5
41	5
42	7
43	9
44	5
45	6
46	6
47	9
48	7
49	8
50	8
/

upsilon(w)       custo de operacao do setor produtivo w
/
1	1
2	6
3	3
4	4
5	1
/

d(i)     data de entrega de i
/
1	6
2	5
3	6
4	6
5	6
6	5
7	6
8	6
9	6
10	5
11	6
12	6
13	6
14	5
15	5
16	6
17	6
18	6
19	5
20	5
21	6
22	5
23	5
24	5
25	5
26	5
27	6
28	5
29	6
30	5
31	6
32	6
33	5
34	6
35	5
36	5
37	6
38	6
39	6
40	6
41	5
42	6
43	6
44	5
45	5
46	5
47	5
48	6
49	6
50	6
/
;
Table TP(i,w)    Tempo de processamento de i em w
         1        2        3        4        5        
1        949      743      369      792      671      
2        806      1117     371      720      589      
3        472      1091     887      1074     967      
4        675      436      331      337      487      
5        639      884      802      310      395      
6        336      1025     1120     578      632      
7        550      611      1071     1096     1076     
8        937      464      1001     551      757      
9        713      845      829      848      1089     
10       738      447      557      537      616      
11       451      1157     1107     1170     773      
12       662      648      932      565      1029     
13       995      336      822      501      835      
14       562      427      344      683      428      
15       376      517      737      1065     1200     
16       636      1023     468      1130     384      
17       681      429      1178     1129     739      
18       1197     670      543      317      596      
19       334      497      719      453      411      
20       332      673      517      1060     1039     
21       696      1075     610      402      795      
22       1013     369      770      986      751      
23       456      389      1162     966      848      
24       525      776      528      752      365      
25       1021     800      1042     862      695      
26       881      913      495      965      783      
27       345      442      686      503      646      
28       516      437      892      488      755      
29       836      1127     850      1068     722      
30       751      918      336      1101     504      
31       915      715      1116     1130     691      
32       609      530      360      1174     856      
33       1199     547      437      933      384      
34       815      384      795      720      423      
35       894      455      429      445      385      
36       362      824      647      590      801      
37       973      308      982      998      303      
38       383      426      538      694      1145     
39       869      431      353      1167     635      
40       1172     887      887      480      786      
41       734      384      886      797      427      
42       683      1144     372      1037     907      
43       1045     560      668      498      606      
44       1048     726      1071     624      1141     
45       636      1160     844      1067     887      
46       808      969      460      389      691      
47       1189     1124     631      352      1100     
48       785      726      809      490      780      
49       972      850      920      1067     726      
50       883      430      993      1048     992      
;



Table CP(j,w)    Capacidade produtiva de w em j
         1        2        3        4        5        
1        23040    23040    23040    23040    23040    
2        23040    23040    23040    23040    23040    
3        23040    23040    23040    23040    23040    
4        23040    23040    23040    23040    23040    
5        23040    23040    23040    23040    23040    
6        23040    23040    23040    23040    23040    
7        23040    23040    23040    23040    23040    
;



