sets
    j        periodos de programacao          /1*9/
    i        indice dos pedidos              /1*50/
    w        indice dos estagios produtivos  /1*7/
    ;

    Parameters

    beta
    /0.0/
    tau(i)   custo diario de atraso do pedido i
/
1	6
2	7
3	9
4	5
5	9
6	6
7	8
8	6
9	6
10	6
11	9
12	9
13	6
14	6
15	5
16	7
17	6
18	5
19	8
20	8
21	6
22	7
23	6
24	6
25	7
26	7
27	5
28	6
29	7
30	8
31	7
32	7
33	9
34	5
35	7
36	5
37	8
38	6
39	8
40	7
41	8
42	6
43	8
44	5
45	5
46	9
47	7
48	8
49	5
50	7
/

upsilon(w)       custo de operacao do setor produtivo w
/
1	7
2	3
3	5
4	6
5	7
6	4
7	2
/

d(i)     data de entrega de i
/
1	7
2	7
3	7
4	8
5	8
6	7
7	8
8	8
9	7
10	8
11	7
12	7
13	8
14	8
15	7
16	7
17	7
18	7
19	8
20	7
21	7
22	8
23	7
24	8
25	7
26	8
27	7
28	8
29	7
30	8
31	7
32	7
33	7
34	8
35	8
36	8
37	8
38	7
39	8
40	7
41	8
42	8
43	8
44	8
45	8
46	7
47	7
48	7
49	7
50	8
/
;
Table TP(i,w)    Tempo de processamento de i em w
         1        2        3        4        5        6        7        
1        930      400      436      577      1091     549      832      
2        505      902      477      318      1008     645      654      
3        608      1129     1095     787      577      1162     621      
4        1147     317      536      1140     701      1076     401      
5        934      477      941      1164     373      981      590      
6        957      604      1045     653      325      1026     914      
7        1078     859      360      886      315      927      1005     
8        536      1175     998      740      902      488      978      
9        1165     320      953      590      674      550      1033     
10       645      369      988      618      361      520      1171     
11       742      883      852      579      1154     316      1167     
12       381      1027     870      887      944      1196     1163     
13       899      743      341      800      350      1106     714      
14       1114     1114     1039     965      816      1045     354      
15       695      379      615      639      897      1189     975      
16       306      927      802      597      888      447      726      
17       791      891      383      1127     1178     306      730      
18       1191     693      580      347      1054     868      955      
19       422      927      793      856      844      1058     1020     
20       731      308      949      447      367      1087     671      
21       670      1038     996      539      735      669      766      
22       804      571      509      726      1158     1095     926      
23       1163     724      821      666      1082     910      550      
24       709      844      817      575      654      1063     367      
25       893      493      1148     890      616      536      460      
26       726      554      468      1135     642      569      967      
27       912      492      488      566      933      876      440      
28       659      1014     1140     501      590      356      432      
29       958      1006     538      330      510      1101     846      
30       348      950      810      695      509      337      323      
31       974      767      856      500      1023     421      1013     
32       531      1015     940      1033     864      715      622      
33       1074     936      710      883      841      622      905      
34       990      955      710      1136     756      355      573      
35       818      581      1196     354      301      306      527      
36       470      434      1004     387      679      691      733      
37       1065     389      855      439      514      328      889      
38       969      440      616      1103     1143     847      1137     
39       473      704      788      494      710      798      1187     
40       485      665      1199     954      1176     709      796      
41       330      1176     1133     329      854      663      330      
42       767      574      1093     764      1175     864      310      
43       1140     817      908      322      1195     1165     922      
44       628      832      695      721      1152     686      797      
45       938      461      888      678      1002     1133     565      
46       1064     1033     430      954      522      521      433      
47       397      1001     771      873      782      1041     543      
48       675      591      884      928      325      1131     883      
49       1108     1139     884      1148     1012     625      411      
50       381      1196     1145     303      756      430      750      
;



Table CP(j,w)    Capacidade produtiva de w em j
         1        2        3        4        5        6        7        
1        23040    23040    23040    23040    23040    23040    23040    
2        23040    23040    23040    23040    23040    23040    23040    
3        23040    23040    23040    23040    23040    23040    23040    
4        23040    23040    23040    23040    23040    23040    23040    
5        23040    23040    23040    23040    23040    23040    23040    
6        23040    23040    23040    23040    23040    23040    23040    
7        23040    23040    23040    23040    23040    23040    23040    
8        23040    23040    23040    23040    23040    23040    23040    
9        23040    23040    23040    23040    23040    23040    23040    
;



