sets
    j        periodos de programacao          /1*7/
    i        indice dos pedidos              /1*200/
    w        indice dos estagios produtivos  /1*5/
    ;

    Parameters

    beta
    /0.0/
    tau(i)   custo diario de atraso do pedido i
/
1	7
2	8
3	6
4	9
5	9
6	5
7	5
8	6
9	9
10	5
11	5
12	8
13	8
14	5
15	5
16	5
17	7
18	6
19	6
20	7
21	5
22	8
23	9
24	7
25	9
26	5
27	8
28	7
29	8
30	8
31	8
32	6
33	9
34	7
35	8
36	6
37	7
38	7
39	7
40	6
41	7
42	9
43	9
44	8
45	6
46	5
47	7
48	8
49	9
50	8
51	7
52	6
53	5
54	8
55	5
56	7
57	6
58	7
59	8
60	5
61	6
62	8
63	6
64	9
65	5
66	8
67	9
68	5
69	7
70	7
71	6
72	9
73	9
74	9
75	8
76	8
77	5
78	6
79	9
80	9
81	6
82	8
83	8
84	7
85	6
86	8
87	7
88	9
89	6
90	7
91	8
92	7
93	5
94	5
95	5
96	6
97	9
98	7
99	9
100	5
101	5
102	5
103	8
104	7
105	9
106	5
107	7
108	7
109	5
110	8
111	9
112	7
113	8
114	7
115	7
116	9
117	8
118	5
119	6
120	6
121	8
122	7
123	5
124	5
125	9
126	6
127	5
128	9
129	8
130	6
131	8
132	6
133	9
134	7
135	8
136	5
137	7
138	6
139	6
140	7
141	5
142	8
143	8
144	5
145	7
146	5
147	6
148	7
149	5
150	9
151	6
152	8
153	8
154	5
155	7
156	5
157	5
158	9
159	8
160	9
161	5
162	8
163	6
164	6
165	9
166	8
167	9
168	7
169	5
170	5
171	8
172	9
173	8
174	7
175	6
176	8
177	6
178	7
179	8
180	9
181	6
182	6
183	5
184	7
185	9
186	7
187	8
188	6
189	6
190	9
191	7
192	6
193	7
194	8
195	9
196	7
197	7
198	7
199	7
200	7
/

upsilon(w)       custo de operacao do setor produtivo w
/
1	9
2	5
3	1
4	6
5	6
/

d(i)     data de entrega de i
/
1	6
2	6
3	5
4	5
5	6
6	6
7	5
8	5
9	5
10	5
11	5
12	5
13	6
14	6
15	6
16	5
17	5
18	6
19	6
20	6
21	5
22	5
23	5
24	5
25	5
26	6
27	5
28	5
29	5
30	5
31	6
32	5
33	6
34	5
35	5
36	6
37	6
38	6
39	6
40	5
41	5
42	5
43	5
44	5
45	6
46	5
47	5
48	6
49	5
50	6
51	6
52	5
53	6
54	5
55	6
56	6
57	6
58	5
59	6
60	6
61	6
62	5
63	5
64	6
65	5
66	5
67	5
68	5
69	5
70	6
71	6
72	6
73	5
74	5
75	5
76	5
77	6
78	5
79	6
80	6
81	6
82	6
83	5
84	5
85	6
86	5
87	5
88	5
89	6
90	6
91	6
92	5
93	6
94	6
95	6
96	5
97	6
98	6
99	6
100	5
101	5
102	6
103	6
104	5
105	5
106	6
107	5
108	6
109	6
110	6
111	6
112	6
113	5
114	6
115	5
116	6
117	5
118	5
119	5
120	6
121	6
122	6
123	6
124	6
125	5
126	5
127	5
128	5
129	6
130	5
131	6
132	5
133	6
134	6
135	6
136	5
137	6
138	5
139	6
140	6
141	5
142	6
143	6
144	6
145	5
146	6
147	6
148	5
149	6
150	6
151	5
152	5
153	6
154	5
155	6
156	5
157	6
158	6
159	6
160	6
161	5
162	6
163	5
164	6
165	6
166	6
167	5
168	5
169	5
170	6
171	6
172	5
173	6
174	5
175	6
176	6
177	6
178	5
179	5
180	5
181	6
182	6
183	6
184	6
185	5
186	6
187	6
188	6
189	6
190	6
191	5
192	6
193	6
194	6
195	6
196	5
197	6
198	5
199	6
200	6
/
;
Table TP(i,w)    Tempo de processamento de i em w
         1        2        3        4        5        
1        1192     336      515      335      1022     
2        1015     1122     361      1139     678      
3        311      1143     944      989      326      
4        835      376      1146     935      1190     
5        302      399      1113     739      565      
6        818      785      804      444      622      
7        704      815      1016     577      596      
8        1147     966      1053     705      675      
9        658      459      323      1162     651      
10       353      825      1024     346      1059     
11       393      909      334      1182     724      
12       393      378      657      469      790      
13       529      1148     316      684      399      
14       996      997      511      682      1062     
15       582      829      371      952      597      
16       762      405      324      501      495      
17       1177     334      620      1049     1014     
18       427      547      918      1097     615      
19       661      1116     687      502      533      
20       957      875      909      995      1082     
21       321      602      963      377      1071     
22       783      1020     1123     545      553      
23       1076     874      607      614      1088     
24       312      578      536      644      1149     
25       886      310      1112     915      780      
26       921      651      434      431      801      
27       1025     335      855      877      1077     
28       481      564      1045     1008     419      
29       947      694      384      534      596      
30       872      684      1194     408      798      
31       365      330      453      966      433      
32       692      847      544      729      570      
33       1095     948      847      724      1120     
34       526      446      723      307      525      
35       386      1004     1141     749      930      
36       1098     621      782      333      393      
37       841      1096     366      628      828      
38       362      807      961      568      993      
39       498      315      445      801      1126     
40       937      1096     875      562      1045     
41       424      986      594      685      1115     
42       560      782      487      575      402      
43       421      575      384      794      752      
44       660      631      1109     836      715      
45       765      377      813      540      1094     
46       912      1131     808      1181     931      
47       990      936      949      784      1158     
48       519      1040     750      1115     1059     
49       1093     637      767      1057     593      
50       696      452      479      757      548      
51       1118     569      1174     692      308      
52       1066     715      669      985      463      
53       907      628      412      955      665      
54       971      365      434      470      729      
55       1171     631      808      919      593      
56       528      699      868      1007     1167     
57       309      879      1109     1003     626      
58       972      711      935      316      1200     
59       393      992      337      370      1057     
60       546      911      606      372      600      
61       749      362      819      365      695      
62       1133     626      880      575      491      
63       868      953      1026     357      662      
64       1053     1167     682      1112     1126     
65       1157     353      696      1029     806      
66       1139     464      685      1131     712      
67       599      647      1144     587      930      
68       443      412      548      387      853      
69       427      904      751      558      712      
70       342      847      436      1193     1024     
71       309      1142     658      1182     921      
72       970      757      967      703      637      
73       635      660      555      950      350      
74       604      892      334      593      453      
75       1075     836      396      648      777      
76       353      541      991      680      802      
77       1130     329      882      388      438      
78       398      396      322      721      498      
79       492      581      330      851      576      
80       387      592      684      782      965      
81       1127     993      1005     605      1150     
82       409      753      406      850      437      
83       812      954      545      373      317      
84       1023     689      820      558      376      
85       493      925      1037     618      456      
86       1035     1121     675      338      913      
87       965      326      732      530      1178     
88       1086     320      645      1104     1179     
89       344      985      464      947      851      
90       579      674      681      799      1168     
91       529      421      637      363      1123     
92       899      589      1047     1096     609      
93       781      870      974      1120     903      
94       429      410      839      836      664      
95       888      403      935      981      307      
96       601      828      561      822      1040     
97       526      1126     739      728      1135     
98       1041     809      498      560      1058     
99       554      308      1095     636      474      
100      1014     1091     367      1148     917      
101      428      463      500      853      612      
102      1181     652      839      667      318      
103      660      834      817      611      869      
104      1083     994      681      596      773      
105      422      828      1141     422      1158     
106      1149     773      1030     534      1189     
107      530      1118     969      1033     976      
108      704      831      991      850      718      
109      841      583      741      858      950      
110      980      536      655      907      842      
111      440      1109     1017     879      1068     
112      672      550      902      773      601      
113      1132     886      642      1006     995      
114      528      1168     380      468      808      
115      590      1063     1024     495      1123     
116      416      411      1119     719      852      
117      551      872      1105     924      947      
118      615      994      1190     770      373      
119      900      898      420      507      790      
120      952      1038     967      339      1041     
121      960      1073     852      709      979      
122      305      349      609      961      327      
123      898      1199     1041     748      843      
124      1134     1179     446      831      424      
125      721      1193     811      878      543      
126      369      635      998      439      580      
127      773      462      311      651      1113     
128      835      855      1079     346      862      
129      520      986      584      358      384      
130      862      679      445      918      1046     
131      756      613      490      772      577      
132      463      1169     445      332      784      
133      994      1072     1014     1024     1132     
134      390      682      588      853      462      
135      780      418      463      659      467      
136      737      1166     735      700      464      
137      1013     403      702      671      437      
138      779      377      533      1014     757      
139      1021     820      681      1010     342      
140      355      559      1105     515      633      
141      943      890      985      473      305      
142      829      457      1140     618      672      
143      1068     1059     896      638      1122     
144      972      709      1141     865      713      
145      459      911      1147     490      1108     
146      1200     668      572      817      631      
147      563      506      443      1103     747      
148      595      1034     446      483      468      
149      706      1082     607      1186     1007     
150      913      792      903      634      1084     
151      1191     307      609      921      755      
152      1092     1101     1111     537      816      
153      800      944      1174     520      945      
154      717      737      1139     351      758      
155      1110     722      601      523      938      
156      364      1168     563      637      1158     
157      902      1023     1107     520      339      
158      331      505      366      960      542      
159      1111     416      884      390      942      
160      706      1122     743      1051     643      
161      1055     849      1047     858      745      
162      1139     669      605      972      989      
163      964      500      1175     660      548      
164      506      720      575      515      940      
165      1032     714      752      662      713      
166      1051     541      391      989      734      
167      510      371      450      1134     848      
168      754      1099     698      1158     955      
169      972      748      319      338      528      
170      456      797      607      1123     692      
171      697      759      661      728      774      
172      1152     513      995      800      611      
173      785      361      1051     374      1033     
174      384      811      1084     927      773      
175      875      1146     851      800      830      
176      735      1144     917      676      580      
177      461      1112     678      898      1095     
178      528      1010     420      435      1048     
179      1194     756      559      785      301      
180      552      957      816      579      349      
181      748      484      354      898      568      
182      483      1165     751      438      986      
183      354      691      345      961      1161     
184      621      466      351      944      937      
185      469      387      607      987      815      
186      1089     1092     472      597      506      
187      1080     394      1191     723      1141     
188      380      742      538      413      714      
189      933      547      798      733      670      
190      869      869      705      573      1024     
191      571      545      1141     1069     688      
192      548      1141     580      624      655      
193      326      769      535      1045     1043     
194      420      863      607      339      899      
195      899      1016     748      897      1145     
196      1089     786      325      1003     314      
197      623      445      894      470      1116     
198      669      354      719      549      445      
199      496      976      517      1127     412      
200      593      1099     910      708      1017     
;



Table CP(j,w)    Capacidade produtiva de w em j
         1        2        3        4        5        
1        23040    23040    23040    23040    23040    
2        23040    23040    23040    23040    23040    
3        23040    23040    23040    23040    23040    
4        23040    23040    23040    23040    23040    
5        23040    23040    23040    23040    23040    
6        23040    23040    23040    23040    23040    
7        23040    23040    23040    23040    23040    
;



