sets
    j        periodos de programacao          /1*9/
    i        indice dos pedidos              /1*30/
    w        indice dos estagios produtivos  /1*7/
    ;

    Parameters

    beta
    /0.0/
    tau(i)   custo diario de atraso do pedido i
/
1	7
2	9
3	9
4	8
5	8
6	6
7	6
8	8
9	5
10	8
11	6
12	6
13	5
14	6
15	6
16	7
17	9
18	6
19	9
20	5
21	7
22	5
23	8
24	7
25	6
26	5
27	7
28	9
29	6
30	7
/

upsilon(w)       custo de operacao do setor produtivo w
/
1	7
2	1
3	2
4	9
5	5
6	9
7	2
/

d(i)     data de entrega de i
/
1	7
2	8
3	7
4	7
5	8
6	7
7	8
8	7
9	8
10	8
11	7
12	7
13	7
14	8
15	8
16	8
17	7
18	8
19	7
20	8
21	8
22	8
23	8
24	8
25	7
26	7
27	8
28	8
29	7
30	8
/
;
Table TP(i,w)    Tempo de processamento de i em w
         1        2        3        4        5        6        7        
1        979      889      1063     359      315      1025     862      
2        440      470      898      483      398      759      515      
3        792      377      890      630      347      1113     365      
4        1191     1022     1060     599      1091     615      851      
5        598      1187     1131     1019     438      1050     322      
6        503      543      1115     789      669      765      914      
7        737      547      950      408      493      880      318      
8        885      385      848      591      457      477      757      
9        670      1104     1093     774      307      655      583      
10       1027     605      428      616      592      304      887      
11       896      954      526      826      1030     744      615      
12       346      447      750      1045     1129     931      820      
13       1078     1198     752      360      1154     400      486      
14       443      1124     982      464      630      869      544      
15       955      698      1038     327      921      503      1153     
16       756      622      879      1117     827      313      1193     
17       534      433      674      623      1148     1163     850      
18       1153     499      1089     953      350      411      808      
19       969      633      1124     890      1122     559      353      
20       999      1041     1030     321      911      607      589      
21       660      615      1176     1058     499      743      538      
22       915      925      785      998      931      858      1101     
23       648      1074     930      431      1065     511      1195     
24       1138     1007     601      1065     460      703      357      
25       401      891      711      1141     1083     665      809      
26       640      1186     998      842      818      1093     437      
27       566      377      702      438      1093     606      946      
28       1068     368      1091     1173     626      419      359      
29       559      436      433      1042     947      689      1083     
30       750      707      468      1034     620      1119     542      
;



Table CP(j,w)    Capacidade produtiva de w em j
         1        2        3        4        5        6        7        
1        23040    23040    23040    23040    23040    23040    23040    
2        23040    23040    23040    23040    23040    23040    23040    
3        23040    23040    23040    23040    23040    23040    23040    
4        23040    23040    23040    23040    23040    23040    23040    
5        23040    23040    23040    23040    23040    23040    23040    
6        23040    23040    23040    23040    23040    23040    23040    
7        23040    23040    23040    23040    23040    23040    23040    
8        23040    23040    23040    23040    23040    23040    23040    
9        23040    23040    23040    23040    23040    23040    23040    
;



