sets
    j        periodos de programacao          /1*7/
    i        indice dos pedidos              /1*30/
    w        indice dos estagios produtivos  /1*3/
    ;

    Parameters

    beta
    /0.0/
    tau(i)   custo diario de atraso do pedido i
/
1	9
2	6
3	9
4	9
5	9
6	5
7	5
8	7
9	6
10	7
11	9
12	7
13	9
14	6
15	6
16	5
17	6
18	8
19	7
20	6
21	7
22	5
23	9
24	8
25	8
26	5
27	9
28	7
29	9
30	6
/

upsilon(w)       custo de operacao do setor produtivo w
/
1	9
2	6
3	7
/

d(i)     data de entrega de i
/
1	5
2	3
3	3
4	5
5	5
6	3
7	5
8	4
9	4
10	5
11	6
12	5
13	5
14	5
15	6
16	3
17	5
18	5
19	4
20	3
21	6
22	6
23	3
24	5
25	4
26	3
27	5
28	5
29	5
30	3
/
;
Table TP(i,w)    Tempo de processamento de i em w
         1        2        3        
1        901      382      300      
2        1009     463      977      
3        846      1086     385      
4        910      517      390      
5        782      305      974      
6        561      1189     1099     
7        337      505      1165     
8        447      956      1195     
9        635      841      733      
10       776      1153     390      
11       1135     729      398      
12       541      630      977      
13       916      438      865      
14       559      957      909      
15       461      609      1179     
16       308      667      371      
17       313      838      382      
18       329      773      1196     
19       742      903      1061     
20       598      847      337      
21       498      1196     745      
22       451      582      752      
23       460      1106     650      
24       313      660      447      
25       1053     499      676      
26       559      697      854      
27       682      1060     907      
28       356      584      1020     
29       1068     553      490      
30       1026     1158     819      
;



Table CP(j,w)    Capacidade produtiva de w em j
         1        2        3        
1        23040    23040    23040    
2        23040    23040    23040    
3        23040    23040    23040    
4        23040    23040    23040    
5        23040    23040    23040    
6        23040    23040    23040    
7        23040    23040    23040    
;



