sets
    j        periodos de programacao          /1*7/
    i        indice dos pedidos              /1*50/
    w        indice dos estagios produtivos  /1*5/
    ;

    Parameters

    beta
    /0.0/
    tau(i)   custo diario de atraso do pedido i
/
1	5
2	6
3	5
4	6
5	7
6	6
7	5
8	8
9	7
10	7
11	6
12	6
13	6
14	7
15	7
16	5
17	6
18	9
19	5
20	6
21	6
22	9
23	8
24	6
25	7
26	7
27	9
28	6
29	7
30	9
31	7
32	6
33	7
34	9
35	9
36	9
37	9
38	9
39	5
40	9
41	6
42	5
43	5
44	8
45	6
46	8
47	9
48	8
49	5
50	8
/

upsilon(w)       custo de operacao do setor produtivo w
/
1	3
2	9
3	9
4	7
5	8
/

d(i)     data de entrega de i
/
1	5
2	5
3	5
4	5
5	6
6	5
7	6
8	5
9	5
10	6
11	5
12	6
13	5
14	5
15	5
16	5
17	6
18	5
19	6
20	6
21	5
22	6
23	5
24	5
25	6
26	6
27	5
28	5
29	5
30	5
31	5
32	6
33	5
34	5
35	6
36	6
37	5
38	6
39	6
40	5
41	5
42	5
43	5
44	5
45	5
46	6
47	5
48	5
49	6
50	6
/
;
Table TP(i,w)    Tempo de processamento de i em w
         1        2        3        4        5        
1        974      316      627      1090     313      
2        640      652      1093     784      959      
3        414      477      383      863      523      
4        462      961      1070     591      622      
5        866      377      476      949      419      
6        1075     994      641      333      393      
7        779      913      929      1024     765      
8        333      1135     1127     1166     441      
9        403      977      616      319      586      
10       329      404      1010     1037     355      
11       418      443      499      411      426      
12       384      889      971      1063     623      
13       977      412      819      486      306      
14       825      813      1164     789      627      
15       988      756      421      982      568      
16       1075     491      1169     663      1130     
17       577      679      938      383      1068     
18       664      565      514      309      565      
19       336      624      361      401      1155     
20       507      1095     792      442      1178     
21       466      313      969      632      1141     
22       1093     800      410      893      762      
23       951      971      526      900      1136     
24       949      640      528      990      404      
25       849      335      1084     1082     949      
26       808      593      502      850      619      
27       443      520      913      778      741      
28       941      775      485      473      874      
29       883      412      839      478      335      
30       773      1172     720      1121     580      
31       522      715      818      1107     366      
32       1014     904      673      454      764      
33       528      1102     521      982      876      
34       974      1123     1087     870      362      
35       1177     957      374      632      491      
36       587      836      908      745      683      
37       706      823      973      1170     872      
38       582      891      1028     421      1162     
39       876      848      392      920      751      
40       984      994      697      759      1106     
41       986      968      877      505      575      
42       1047     682      952      712      919      
43       367      992      581      697      454      
44       606      676      425      639      704      
45       488      879      478      563      416      
46       1051     629      603      1059     894      
47       350      433      1099     1002     767      
48       884      334      395      541      1013     
49       438      910      900      463      308      
50       331      532      628      349      538      
;



Table CP(j,w)    Capacidade produtiva de w em j
         1        2        3        4        5        
1        23040    23040    23040    23040    23040    
2        23040    23040    23040    23040    23040    
3        23040    23040    23040    23040    23040    
4        23040    23040    23040    23040    23040    
5        23040    23040    23040    23040    23040    
6        23040    23040    23040    23040    23040    
7        23040    23040    23040    23040    23040    
;



