sets
    j        periodos de programacao          /1*7/
    i        indice dos pedidos              /1*200/
    w        indice dos estagios produtivos  /1*5/
    ;

    Parameters

    beta
    /0.0/
    tau(i)   custo diario de atraso do pedido i
/
1	5
2	9
3	9
4	9
5	6
6	8
7	8
8	7
9	7
10	6
11	8
12	5
13	7
14	6
15	5
16	8
17	9
18	9
19	5
20	5
21	9
22	7
23	8
24	5
25	9
26	7
27	8
28	5
29	9
30	5
31	5
32	5
33	5
34	7
35	5
36	9
37	7
38	7
39	9
40	8
41	7
42	8
43	9
44	6
45	5
46	7
47	6
48	8
49	9
50	8
51	7
52	9
53	9
54	5
55	7
56	6
57	8
58	8
59	8
60	8
61	6
62	5
63	9
64	8
65	7
66	8
67	7
68	5
69	9
70	8
71	8
72	9
73	7
74	7
75	7
76	5
77	8
78	9
79	5
80	7
81	8
82	7
83	8
84	9
85	8
86	8
87	9
88	5
89	8
90	5
91	6
92	6
93	7
94	6
95	5
96	6
97	6
98	6
99	7
100	7
101	6
102	6
103	8
104	8
105	7
106	7
107	9
108	6
109	7
110	8
111	7
112	7
113	8
114	7
115	7
116	8
117	8
118	6
119	6
120	8
121	8
122	8
123	5
124	7
125	6
126	5
127	8
128	7
129	7
130	8
131	5
132	9
133	6
134	7
135	9
136	7
137	5
138	7
139	5
140	5
141	5
142	6
143	7
144	7
145	9
146	5
147	5
148	5
149	7
150	9
151	6
152	9
153	8
154	5
155	6
156	5
157	5
158	6
159	8
160	6
161	6
162	9
163	9
164	6
165	7
166	8
167	7
168	5
169	8
170	8
171	8
172	6
173	8
174	5
175	9
176	7
177	8
178	9
179	7
180	9
181	8
182	8
183	6
184	6
185	7
186	8
187	5
188	9
189	5
190	9
191	5
192	6
193	6
194	9
195	6
196	8
197	9
198	9
199	6
200	7
/

upsilon(w)       custo de operacao do setor produtivo w
/
1	1
2	9
3	3
4	8
5	5
/

d(i)     data de entrega de i
/
1	5
2	6
3	6
4	5
5	6
6	5
7	5
8	5
9	6
10	5
11	5
12	6
13	5
14	5
15	6
16	5
17	6
18	5
19	5
20	6
21	6
22	5
23	5
24	5
25	6
26	6
27	6
28	6
29	5
30	6
31	6
32	6
33	6
34	6
35	6
36	6
37	6
38	6
39	5
40	6
41	5
42	5
43	6
44	6
45	6
46	6
47	6
48	5
49	5
50	5
51	5
52	6
53	5
54	5
55	6
56	5
57	6
58	6
59	6
60	6
61	5
62	6
63	6
64	6
65	6
66	6
67	5
68	6
69	6
70	5
71	5
72	5
73	5
74	6
75	5
76	6
77	6
78	5
79	6
80	6
81	5
82	6
83	6
84	5
85	5
86	6
87	5
88	6
89	6
90	6
91	6
92	5
93	6
94	5
95	6
96	6
97	5
98	5
99	6
100	5
101	6
102	5
103	5
104	6
105	5
106	5
107	6
108	6
109	6
110	6
111	6
112	5
113	6
114	6
115	6
116	5
117	6
118	6
119	5
120	6
121	6
122	5
123	5
124	5
125	5
126	6
127	6
128	5
129	5
130	5
131	5
132	6
133	5
134	6
135	6
136	5
137	6
138	6
139	5
140	6
141	5
142	6
143	5
144	5
145	5
146	6
147	6
148	6
149	6
150	6
151	6
152	5
153	5
154	5
155	6
156	6
157	6
158	5
159	5
160	6
161	6
162	5
163	5
164	5
165	5
166	5
167	6
168	5
169	5
170	6
171	6
172	6
173	5
174	5
175	5
176	6
177	5
178	6
179	5
180	6
181	5
182	6
183	5
184	6
185	6
186	5
187	6
188	5
189	5
190	5
191	6
192	6
193	6
194	5
195	6
196	6
197	6
198	5
199	5
200	6
/
;
Table TP(i,w)    Tempo de processamento de i em w
         1        2        3        4        5        
1        954      716      1003     1044     709      
2        774      657      1057     469      524      
3        583      613      762      1074     778      
4        390      1093     338      915      1157     
5        763      897      999      1037     639      
6        1155     830      913      798      653      
7        741      830      1043     703      967      
8        531      590      412      508      744      
9        1128     419      680      1142     673      
10       1132     545      587      1128     1006     
11       901      933      974      925      857      
12       348      1045     664      423      838      
13       390      452      752      986      1150     
14       708      1027     319      1094     475      
15       720      649      437      1046     708      
16       1008     601      989      1068     484      
17       744      916      488      1163     613      
18       558      1092     563      501      706      
19       309      939      838      901      831      
20       443      844      1100     766      309      
21       1163     491      993      957      815      
22       797      636      474      1055     427      
23       1106     960      596      567      1193     
24       483      323      903      680      822      
25       463      458      704      816      423      
26       597      497      901      584      729      
27       475      710      1048     456      580      
28       1180     808      899      1001     722      
29       476      1045     484      722      742      
30       544      796      995      436      434      
31       1182     1065     471      894      1157     
32       318      949      1063     1161     442      
33       622      587      932      549      411      
34       764      715      310      933      1196     
35       817      738      1149     839      501      
36       1139     957      855      505      821      
37       963      1049     742      776      1043     
38       618      822      774      737      935      
39       539      725      389      750      774      
40       673      632      975      307      973      
41       1113     921      699      840      789      
42       750      548      861      446      668      
43       1010     695      574      880      1040     
44       989      1098     774      579      330      
45       979      484      616      947      1049     
46       763      1138     605      625      633      
47       684      416      901      356      995      
48       1196     463      855      880      1125     
49       473      481      799      1081     572      
50       328      1187     1196     788      1074     
51       544      477      424      1165     1104     
52       755      511      652      736      314      
53       421      472      434      492      821      
54       392      704      620      733      584      
55       671      860      870      1049     477      
56       962      1059     1195     636      798      
57       571      1154     921      868      1138     
58       668      384      914      542      308      
59       589      335      321      401      946      
60       935      990      890      847      1139     
61       724      647      1046     884      570      
62       1095     1077     917      783      1032     
63       993      1036     476      697      453      
64       1008     727      727      795      977      
65       1121     301      499      950      1088     
66       1018     903      688      1154     899      
67       596      1008     573      566      1090     
68       391      525      1144     312      947      
69       360      805      850      649      1028     
70       1069     889      752      453      404      
71       763      741      1106     535      705      
72       1196     713      360      989      909      
73       971      1152     973      757      551      
74       766      722      896      1185     967      
75       377      942      1077     1161     657      
76       584      822      364      797      556      
77       1084     876      975      1113     1001     
78       921      1170     551      452      970      
79       1167     345      729      777      1164     
80       634      616      499      710      347      
81       527      738      1135     615      1099     
82       1187     786      1146     783      699      
83       838      919      1129     993      971      
84       580      497      1060     694      705      
85       1046     1072     976      643      647      
86       826      656      1192     959      914      
87       669      998      523      735      1021     
88       1130     901      998      330      982      
89       744      781      500      678      1172     
90       541      434      796      339      462      
91       453      595      1060     379      404      
92       484      828      488      1121     594      
93       759      950      339      399      403      
94       1044     534      357      660      778      
95       326      561      803      745      1193     
96       999      542      489      592      865      
97       302      425      445      948      854      
98       1019     928      522      1189     539      
99       667      1124     435      719      768      
100      802      1148     424      681      463      
101      640      583      1110     596      386      
102      972      828      911      389      1141     
103      703      712      674      760      343      
104      507      849      315      1177     587      
105      1083     854      702      805      585      
106      459      687      942      1166     849      
107      332      1139     1194     804      938      
108      551      355      509      483      1125     
109      1089     1047     320      1154     686      
110      588      403      549      784      974      
111      712      742      842      652      888      
112      331      1008     640      739      772      
113      609      883      556      499      1125     
114      318      618      428      344      650      
115      908      976      396      587      869      
116      415      707      620      862      1023     
117      636      413      1058     594      1147     
118      1045     526      1194     844      957      
119      963      613      640      827      456      
120      573      391      737      435      1175     
121      380      1077     346      971      495      
122      1085     773      842      1054     326      
123      322      1144     500      902      1074     
124      1179     996      569      954      750      
125      699      492      438      804      1085     
126      445      830      879      1146     886      
127      558      392      985      814      763      
128      365      668      1024     1181     528      
129      1147     386      630      990      628      
130      440      826      1047     574      648      
131      736      621      702      1142     579      
132      353      480      322      532      1046     
133      1075     1097     994      657      787      
134      466      735      779      930      693      
135      1140     887      782      844      319      
136      676      570      698      636      1123     
137      488      844      659      849      679      
138      475      363      1120     558      1077     
139      473      621      357      1183     383      
140      1007     564      1134     1118     587      
141      1181     470      680      404      680      
142      867      662      1112     323      618      
143      1008     607      643      1173     776      
144      384      302      775      1062     591      
145      655      637      735      1134     671      
146      402      592      831      921      1196     
147      403      329      466      1002     489      
148      635      586      673      627      1138     
149      1045     359      1050     1108     1000     
150      360      1008     798      728      989      
151      1052     1177     830      343      843      
152      654      1132     959      1058     1041     
153      459      419      613      1168     373      
154      1122     773      329      1117     756      
155      654      597      488      976      1144     
156      722      525      1103     1146     804      
157      926      710      1121     687      959      
158      996      955      940      1069     1143     
159      816      437      364      920      1014     
160      527      977      447      1151     1071     
161      868      373      990      918      1101     
162      361      876      614      1028     449      
163      429      966      840      723      920      
164      506      1104     550      929      1037     
165      924      1035     832      341      875      
166      483      918      1039     719      859      
167      656      371      758      1109     784      
168      1140     553      431      766      962      
169      1128     408      429      545      662      
170      840      912      1097     1075     1065     
171      883      553      691      1174     604      
172      854      503      397      324      548      
173      1172     540      702      413      556      
174      420      1168     1168     792      733      
175      1198     357      1029     646      1093     
176      577      959      405      568      490      
177      632      793      915      423      1066     
178      826      584      804      584      1081     
179      825      778      1083     620      900      
180      652      385      493      800      446      
181      737      1062     1113     541      334      
182      551      1152     329      359      854      
183      1054     1127     935      335      1001     
184      911      1152     574      604      1051     
185      1085     684      951      474      942      
186      1198     1163     375      968      752      
187      1094     762      512      713      524      
188      1106     756      954      449      608      
189      621      1009     481      526      770      
190      680      590      930      788      550      
191      822      635      671      745      1019     
192      603      816      540      846      539      
193      404      1058     594      338      565      
194      745      479      616      752      466      
195      1196     365      1077     726      995      
196      1037     540      504      968      662      
197      337      408      513      479      520      
198      837      855      549      718      1021     
199      809      922      878      1172     1083     
200      721      986      374      347      1134     
;



Table CP(j,w)    Capacidade produtiva de w em j
         1        2        3        4        5        
1        23040    23040    23040    23040    23040    
2        23040    23040    23040    23040    23040    
3        23040    23040    23040    23040    23040    
4        23040    23040    23040    23040    23040    
5        23040    23040    23040    23040    23040    
6        23040    23040    23040    23040    23040    
7        23040    23040    23040    23040    23040    
;



