sets
    j        periodos de programacao          /1*7/
    i        indice dos pedidos              /1*30/
    w        indice dos estagios produtivos  /1*5/
    ;

    Parameters

    beta
    /0.0/
    tau(i)   custo diario de atraso do pedido i
/
1	9
2	5
3	9
4	8
5	9
6	5
7	7
8	5
9	6
10	6
11	6
12	9
13	5
14	8
15	7
16	8
17	7
18	6
19	6
20	5
21	9
22	9
23	6
24	9
25	6
26	6
27	6
28	6
29	8
30	7
/

upsilon(w)       custo de operacao do setor produtivo w
/
1	8
2	9
3	2
4	6
5	6
/

d(i)     data de entrega de i
/
1	6
2	5
3	6
4	6
5	5
6	5
7	5
8	6
9	6
10	5
11	6
12	5
13	6
14	5
15	5
16	5
17	6
18	6
19	5
20	5
21	6
22	5
23	6
24	6
25	6
26	6
27	5
28	6
29	5
30	5
/
;
Table TP(i,w)    Tempo de processamento de i em w
         1        2        3        4        5        
1        905      1111     898      748      329      
2        852      586      578      1107     1038     
3        650      769      735      790      1100     
4        975      380      386      692      984      
5        595      539      1165     335      327      
6        1158     1062     891      683      711      
7        977      754      332      631      1008     
8        527      850      774      523      1190     
9        963      857      876      343      568      
10       1043     947      919      522      786      
11       1196     1094     882      672      946      
12       454      595      1200     1158     773      
13       1151     1012     521      1197     1051     
14       839      841      546      829      461      
15       421      1195     760      548      903      
16       1159     484      717      758      794      
17       1147     967      502      666      1024     
18       441      1189     748      756      544      
19       426      437      487      525      779      
20       386      308      1002     337      612      
21       833      1196     1012     1130     541      
22       528      319      405      341      850      
23       758      1132     495      963      785      
24       553      811      1015     1136     1175     
25       834      680      1108     725      536      
26       949      342      643      661      1006     
27       705      925      860      1094     581      
28       487      865      1040     1058     410      
29       995      430      1040     650      602      
30       366      428      611      347      322      
;



Table CP(j,w)    Capacidade produtiva de w em j
         1        2        3        4        5        
1        23040    23040    23040    23040    23040    
2        23040    23040    23040    23040    23040    
3        23040    23040    23040    23040    23040    
4        23040    23040    23040    23040    23040    
5        23040    23040    23040    23040    23040    
6        23040    23040    23040    23040    23040    
7        23040    23040    23040    23040    23040    
;



