sets
    j        periodos de programacao          /1*9/
    i        indice dos pedidos              /1*30/
    w        indice dos estagios produtivos  /1*7/
    ;

    Parameters

    beta
    /0.0/
    tau(i)   custo diario de atraso do pedido i
/
1	8
2	7
3	8
4	5
5	9
6	7
7	7
8	9
9	8
10	5
11	7
12	5
13	7
14	5
15	8
16	7
17	6
18	9
19	9
20	9
21	9
22	5
23	9
24	7
25	8
26	9
27	7
28	7
29	8
30	9
/

upsilon(w)       custo de operacao do setor produtivo w
/
1	1
2	8
3	8
4	5
5	6
6	3
7	9
/

d(i)     data de entrega de i
/
1	8
2	7
3	8
4	8
5	8
6	8
7	7
8	8
9	8
10	8
11	8
12	8
13	8
14	7
15	7
16	8
17	7
18	8
19	8
20	7
21	7
22	7
23	8
24	8
25	8
26	7
27	8
28	8
29	8
30	8
/
;
Table TP(i,w)    Tempo de processamento de i em w
         1        2        3        4        5        6        7        
1        1178     1193     431      862      742      886      586      
2        897      543      765      318      1036     988      879      
3        884      578      659      993      1196     974      851      
4        640      437      719      835      806      756      1125     
5        688      396      353      327      427      1050     1131     
6        848      873      877      329      1013     305      352      
7        694      762      1151     393      343      1176     1092     
8        315      579      1044     884      1085     595      1019     
9        546      1173     934      795      373      923      820      
10       887      734      488      643      699      519      570      
11       1021     1068     435      342      1058     330      477      
12       1082     798      1060     547      623      668      837      
13       740      352      832      816      943      835      1179     
14       601      630      607      1029     850      520      779      
15       511      881      575      758      787      684      425      
16       484      980      530      488      866      1164     548      
17       915      578      1196     547      517      386      505      
18       768      652      368      560      342      690      335      
19       860      862      849      322      1052     799      516      
20       403      968      765      472      1162     526      578      
21       1043     718      459      543      881      1023     796      
22       480      676      679      1106     908      1163     841      
23       837      796      746      658      752      319      814      
24       353      1117     685      677      455      381      348      
25       825      774      792      819      763      681      1034     
26       1116     392      1057     1169     735      884      460      
27       956      492      886      1169     479      815      419      
28       387      348      955      705      329      517      929      
29       998      1060     959      705      776      1160     467      
30       905      503      541      1115     951      1117     841      
;



Table CP(j,w)    Capacidade produtiva de w em j
         1        2        3        4        5        6        7        
1        23040    23040    23040    23040    23040    23040    23040    
2        23040    23040    23040    23040    23040    23040    23040    
3        23040    23040    23040    23040    23040    23040    23040    
4        23040    23040    23040    23040    23040    23040    23040    
5        23040    23040    23040    23040    23040    23040    23040    
6        23040    23040    23040    23040    23040    23040    23040    
7        23040    23040    23040    23040    23040    23040    23040    
8        23040    23040    23040    23040    23040    23040    23040    
9        23040    23040    23040    23040    23040    23040    23040    
;



