sets
    j        periodos de programacao          /1*9/
    i        indice dos pedidos              /1*30/
    w        indice dos estagios produtivos  /1*5/
    ;

    Parameters

    beta
    /0.0/
    tau(i)   custo diario de atraso do pedido i
/
1	6
2	9
3	8
4	7
5	7
6	9
7	9
8	9
9	5
10	9
11	7
12	5
13	7
14	6
15	7
16	7
17	5
18	5
19	9
20	8
21	8
22	5
23	5
24	6
25	7
26	7
27	6
28	6
29	9
30	6
/

upsilon(w)       custo de operacao do setor produtivo w
/
1	5
2	8
3	3
4	2
5	9
/

d(i)     data de entrega de i
/
1	5
2	6
3	6
4	6
5	5
6	5
7	7
8	6
9	6
10	7
11	5
12	6
13	7
14	7
15	5
16	7
17	5
18	5
19	7
20	8
21	5
22	5
23	7
24	5
25	5
26	7
27	5
28	6
29	5
30	7
/
;
Table TP(i,w)    Tempo de processamento de i em w
         1        2        3        4        5        
1        594      850      1008     918      722      
2        504      568      776      336      424      
3        393      420      353      655      865      
4        637      1049     1082     1091     748      
5        1099     1012     823      1180     402      
6        374      641      931      771      479      
7        905      308      336      690      1029     
8        1033     671      380      893      536      
9        342      483      849      1073     603      
10       449      1051     714      626      796      
11       1079     447      1013     1178     1150     
12       667      1079     481      673      1184     
13       1104     1024     940      778      501      
14       374      906      1085     865      538      
15       857      630      394      532      759      
16       1045     412      863      852      533      
17       560      917      884      1012     1104     
18       646      347      807      524      440      
19       894      1155     475      301      997      
20       716      857      364      756      930      
21       1123     1012     1150     1047     1013     
22       1197     563      1062     1051     938      
23       311      1167     1000     304      1127     
24       876      870      664      1107     1078     
25       597      636      342      1087     487      
26       510      440      472      601      531      
27       731      657      995      1143     510      
28       1046     521      917      976      1067     
29       1116     329      801      403      1099     
30       1005     567      357      1075     386      
;



Table CP(j,w)    Capacidade produtiva de w em j
         1        2        3        4        5        
1        23040    23040    23040    23040    23040    
2        23040    23040    23040    23040    23040    
3        23040    23040    23040    23040    23040    
4        23040    23040    23040    23040    23040    
5        23040    23040    23040    23040    23040    
6        23040    23040    23040    23040    23040    
7        23040    23040    23040    23040    23040    
8        23040    23040    23040    23040    23040    
9        23040    23040    23040    23040    23040    
;



