sets
    j        periodos de programacao          /1*9/
    i        indice dos pedidos              /1*30/
    w        indice dos estagios produtivos  /1*5/
    ;

    Parameters

    beta
    /0.0/
    tau(i)   custo diario de atraso do pedido i
/
1	5
2	9
3	8
4	6
5	7
6	9
7	5
8	8
9	9
10	9
11	6
12	7
13	9
14	7
15	7
16	7
17	8
18	8
19	6
20	9
21	7
22	5
23	7
24	7
25	8
26	7
27	6
28	5
29	9
30	6
/

upsilon(w)       custo de operacao do setor produtivo w
/
1	6
2	8
3	8
4	9
5	9
/

d(i)     data de entrega de i
/
1	7
2	6
3	5
4	5
5	8
6	6
7	5
8	8
9	6
10	6
11	8
12	5
13	5
14	6
15	8
16	6
17	7
18	8
19	8
20	6
21	7
22	8
23	5
24	6
25	7
26	8
27	5
28	6
29	8
30	8
/
;
Table TP(i,w)    Tempo de processamento de i em w
         1        2        3        4        5        
1        918      496      765      1178     811      
2        615      1035     685      421      311      
3        762      1044     784      845      770      
4        1094     1095     884      683      914      
5        344      1098     637      1154     301      
6        673      776      781      1161     688      
7        819      754      394      907      710      
8        1179     493      979      513      348      
9        743      623      702      898      827      
10       497      1116     880      880      1182     
11       908      817      303      1072     1090     
12       508      481      789      655      999      
13       1169     605      1032     820      571      
14       390      961      466      826      758      
15       890      1041     449      396      724      
16       853      566      305      1043     528      
17       736      799      942      352      419      
18       826      750      1084     1150     875      
19       860      960      838      439      743      
20       433      577      526      1033     340      
21       429      911      874      739      416      
22       1103     1183     782      657      1143     
23       437      403      343      893      526      
24       730      920      901      684      1023     
25       521      542      388      616      622      
26       1030     804      813      1178     559      
27       1099     983      789      727      516      
28       798      476      941      639      1193     
29       1170     392      1127     456      786      
30       761      1057     429      961      940      
;



Table CP(j,w)    Capacidade produtiva de w em j
         1        2        3        4        5        
1        23040    23040    23040    23040    23040    
2        23040    23040    23040    23040    23040    
3        23040    23040    23040    23040    23040    
4        23040    23040    23040    23040    23040    
5        23040    23040    23040    23040    23040    
6        23040    23040    23040    23040    23040    
7        23040    23040    23040    23040    23040    
8        23040    23040    23040    23040    23040    
9        23040    23040    23040    23040    23040    
;



