sets
    j        periodos de programacao          /1*11/
    i        indice dos pedidos              /1*30/
    w        indice dos estagios produtivos  /1*7/
    ;

    Parameters

    beta
    /0.0/
    tau(i)   custo diario de atraso do pedido i
/
1	6
2	9
3	9
4	7
5	9
6	5
7	7
8	7
9	7
10	7
11	6
12	9
13	8
14	5
15	9
16	5
17	6
18	7
19	8
20	8
21	6
22	9
23	8
24	8
25	8
26	8
27	9
28	7
29	8
30	5
/

upsilon(w)       custo de operacao do setor produtivo w
/
1	4
2	8
3	5
4	3
5	7
6	5
7	1
/

d(i)     data de entrega de i
/
1	7
2	9
3	10
4	9
5	7
6	10
7	8
8	7
9	8
10	8
11	9
12	8
13	7
14	10
15	7
16	9
17	8
18	9
19	10
20	9
21	7
22	8
23	9
24	7
25	8
26	8
27	8
28	8
29	10
30	8
/
;
Table TP(i,w)    Tempo de processamento de i em w
         1        2        3        4        5        6        7        
1        339      1089     651      826      997      1005     388      
2        770      583      666      306      594      456      725      
3        300      745      453      1170     365      787      1027     
4        379      772      1135     390      1109     332      304      
5        964      1173     546      470      406      1168     1022     
6        1150     317      531      683      1120     361      907      
7        605      480      1021     716      831      850      393      
8        1000     427      692      937      474      322      923      
9        899      692      330      1148     769      349      582      
10       312      380      1025     945      1008     387      694      
11       992      697      355      536      437      758      630      
12       783      936      1072     1009     375      1159     586      
13       849      457      724      973      559      403      406      
14       1197     767      501      1041     807      987      1012     
15       870      476      928      729      596      829      1196     
16       772      936      648      1085     668      703      303      
17       492      1034     705      909      553      865      968      
18       1178     573      763      452      1188     904      1080     
19       573      515      486      539      618      609      1187     
20       389      1097     975      1068     978      902      657      
21       798      839      779      884      1083     654      610      
22       1043     1016     332      946      701      556      443      
23       611      962      410      1053     541      1024     450      
24       628      733      555      394      636      301      662      
25       1103     356      566      681      385      445      435      
26       629      908      547      970      493      893      702      
27       994      725      1168     534      780      1025     845      
28       809      525      593      1012     607      1144     986      
29       979      865      925      1072     908      517      916      
30       712      943      1082     763      595      813      1064     
;



Table CP(j,w)    Capacidade produtiva de w em j
         1        2        3        4        5        6        7        
1        23040    23040    23040    23040    23040    23040    23040    
2        23040    23040    23040    23040    23040    23040    23040    
3        23040    23040    23040    23040    23040    23040    23040    
4        23040    23040    23040    23040    23040    23040    23040    
5        23040    23040    23040    23040    23040    23040    23040    
6        23040    23040    23040    23040    23040    23040    23040    
7        23040    23040    23040    23040    23040    23040    23040    
8        23040    23040    23040    23040    23040    23040    23040    
9        23040    23040    23040    23040    23040    23040    23040    
10       23040    23040    23040    23040    23040    23040    23040    
11       23040    23040    23040    23040    23040    23040    23040    
;



