sets
    j        periodos de programacao          /1*5/
    i        indice dos pedidos              /1*30/
    w        indice dos estagios produtivos  /1*3/
    ;

    Parameters

    beta
    /0.0/
    tau(i)   custo diario de atraso do pedido i
/
1	6
2	6
3	8
4	6
5	5
6	7
7	5
8	7
9	8
10	7
11	7
12	8
13	5
14	9
15	5
16	6
17	8
18	8
19	5
20	7
21	6
22	9
23	9
24	6
25	5
26	7
27	8
28	6
29	5
30	8
/

upsilon(w)       custo de operacao do setor produtivo w
/
1	8
2	8
3	6
/

d(i)     data de entrega de i
/
1	4
2	3
3	4
4	4
5	4
6	3
7	4
8	4
9	4
10	3
11	4
12	4
13	4
14	3
15	3
16	4
17	3
18	3
19	3
20	4
21	3
22	3
23	3
24	4
25	4
26	4
27	3
28	3
29	4
30	4
/
;
Table TP(i,w)    Tempo de processamento de i em w
         1        2        3        
1        886      1172     1075     
2        511      343      376      
3        1147     990      697      
4        470      958      1177     
5        488      625      1155     
6        487      1134     993      
7        1172     1169     1049     
8        930      925      420      
9        364      559      1000     
10       677      1178     743      
11       587      1121     526      
12       482      652      350      
13       1082     477      574      
14       820      356      1090     
15       300      988      536      
16       420      1079     905      
17       1162     1072     318      
18       739      1008     575      
19       999      783      612      
20       337      534      846      
21       737      832      375      
22       1001     453      485      
23       977      710      485      
24       685      519      871      
25       310      858      973      
26       611      821      894      
27       425      787      441      
28       661      589      1098     
29       386      1004     1014     
30       594      548      752      
;



Table CP(j,w)    Capacidade produtiva de w em j
         1        2        3        
1        23040    23040    23040    
2        23040    23040    23040    
3        23040    23040    23040    
4        23040    23040    23040    
5        23040    23040    23040    
;



