sets
    j        periodos de programacao          /1*5/
    i        indice dos pedidos              /1*50/
    w        indice dos estagios produtivos  /1*3/
    ;

    Parameters

    beta
    /0.0/
    tau(i)   custo diario de atraso do pedido i
/
1	7
2	9
3	6
4	6
5	9
6	8
7	9
8	7
9	7
10	9
11	6
12	7
13	6
14	5
15	6
16	5
17	6
18	5
19	7
20	8
21	9
22	7
23	6
24	7
25	9
26	8
27	8
28	7
29	7
30	9
31	8
32	8
33	8
34	5
35	5
36	8
37	9
38	7
39	9
40	8
41	8
42	8
43	5
44	5
45	7
46	8
47	6
48	9
49	6
50	5
/

upsilon(w)       custo de operacao do setor produtivo w
/
1	5
2	7
3	7
/

d(i)     data de entrega de i
/
1	4
2	3
3	3
4	3
5	4
6	3
7	4
8	4
9	4
10	3
11	3
12	3
13	4
14	3
15	3
16	3
17	4
18	4
19	4
20	3
21	4
22	4
23	3
24	3
25	3
26	4
27	3
28	4
29	4
30	4
31	3
32	4
33	4
34	4
35	3
36	3
37	4
38	3
39	4
40	4
41	3
42	3
43	4
44	4
45	3
46	4
47	4
48	4
49	3
50	3
/
;
Table TP(i,w)    Tempo de processamento de i em w
         1        2        3        
1        356      451      636      
2        734      723      749      
3        475      762      301      
4        597      860      918      
5        1161     854      530      
6        971      848      639      
7        670      857      380      
8        1026     402      1151     
9        379      841      1170     
10       1116     1082     905      
11       428      548      1142     
12       839      627      974      
13       1055     926      575      
14       959      819      670      
15       974      648      566      
16       898      1159     1158     
17       1005     607      988      
18       619      1121     849      
19       1168     773      1021     
20       880      709      852      
21       470      875      492      
22       1026     960      779      
23       999      496      674      
24       553      1038     932      
25       301      368      594      
26       891      332      945      
27       470      628      885      
28       705      1191     1147     
29       790      1078     884      
30       338      598      385      
31       927      770      930      
32       850      727      964      
33       999      845      1035     
34       841      888      1036     
35       454      307      457      
36       698      486      871      
37       872      312      1152     
38       513      945      859      
39       407      1168     884      
40       777      553      798      
41       880      451      770      
42       498      338      677      
43       365      529      347      
44       946      1157     637      
45       443      900      1003     
46       814      936      665      
47       727      593      1018     
48       949      930      452      
49       754      417      1069     
50       1194     704      758      
;



Table CP(j,w)    Capacidade produtiva de w em j
         1        2        3        
1        23040    23040    23040    
2        23040    23040    23040    
3        23040    23040    23040    
4        23040    23040    23040    
5        23040    23040    23040    
;



