sets
    j        periodos de programacao          /1*7/
    i        indice dos pedidos              /1*30/
    w        indice dos estagios produtivos  /1*3/
    ;

    Parameters

    beta
    /0.0/
    tau(i)   custo diario de atraso do pedido i
/
1	5
2	5
3	8
4	9
5	9
6	9
7	8
8	9
9	5
10	8
11	7
12	8
13	8
14	7
15	5
16	9
17	8
18	5
19	5
20	5
21	7
22	7
23	6
24	9
25	6
26	6
27	9
28	8
29	6
30	6
/

upsilon(w)       custo de operacao do setor produtivo w
/
1	6
2	5
3	5
/

d(i)     data de entrega de i
/
1	6
2	5
3	6
4	4
5	5
6	4
7	6
8	3
9	3
10	4
11	3
12	4
13	3
14	4
15	4
16	4
17	4
18	6
19	3
20	5
21	6
22	3
23	5
24	4
25	6
26	6
27	4
28	3
29	6
30	5
/
;
Table TP(i,w)    Tempo de processamento de i em w
         1        2        3        
1        740      693      624      
2        1109     836      549      
3        411      1040     657      
4        942      464      475      
5        1074     617      698      
6        821      605      998      
7        1024     616      483      
8        301      829      1158     
9        317      871      335      
10       541      314      307      
11       434      800      493      
12       1081     588      675      
13       916      1065     1095     
14       868      1027     453      
15       812      717      368      
16       895      1163     962      
17       333      856      310      
18       409      322      834      
19       411      618      1083     
20       813      489      1057     
21       934      1029     354      
22       1033     303      653      
23       364      905      605      
24       808      814      803      
25       714      618      667      
26       628      471      1075     
27       972      1050     1168     
28       1153     1153     506      
29       302      822      1127     
30       1018     1082     1126     
;



Table CP(j,w)    Capacidade produtiva de w em j
         1        2        3        
1        23040    23040    23040    
2        23040    23040    23040    
3        23040    23040    23040    
4        23040    23040    23040    
5        23040    23040    23040    
6        23040    23040    23040    
7        23040    23040    23040    
;



