sets
    j        periodos de programacao          /1*7/
    i        indice dos pedidos              /1*50/
    w        indice dos estagios produtivos  /1*5/
    ;

    Parameters

    beta
    /0.0/
    tau(i)   custo diario de atraso do pedido i
/
1	9
2	9
3	6
4	6
5	7
6	9
7	8
8	7
9	5
10	6
11	5
12	5
13	8
14	6
15	5
16	6
17	9
18	8
19	7
20	8
21	6
22	9
23	7
24	6
25	5
26	9
27	8
28	5
29	5
30	7
31	5
32	6
33	8
34	9
35	5
36	6
37	5
38	5
39	8
40	9
41	5
42	5
43	9
44	8
45	9
46	5
47	7
48	8
49	8
50	5
/

upsilon(w)       custo de operacao do setor produtivo w
/
1	9
2	3
3	3
4	7
5	4
/

d(i)     data de entrega de i
/
1	5
2	6
3	6
4	5
5	5
6	6
7	5
8	6
9	5
10	6
11	6
12	6
13	6
14	5
15	5
16	6
17	6
18	5
19	5
20	6
21	5
22	6
23	5
24	6
25	5
26	5
27	5
28	5
29	5
30	6
31	6
32	6
33	5
34	6
35	6
36	5
37	6
38	5
39	6
40	5
41	5
42	5
43	6
44	6
45	5
46	6
47	6
48	5
49	5
50	5
/
;
Table TP(i,w)    Tempo de processamento de i em w
         1        2        3        4        5        
1        974      361      638      687      673      
2        714      322      575      1076     1019     
3        552      1178     361      949      1022     
4        560      784      583      388      1037     
5        671      991      310      803      482      
6        610      491      333      716      370      
7        523      742      1046     793      637      
8        432      660      932      817      379      
9        713      314      596      405      1020     
10       617      734      1000     839      961      
11       710      923      1148     805      431      
12       941      1104     754      552      852      
13       517      679      389      937      784      
14       890      1169     1061     394      1127     
15       1065     460      814      645      1188     
16       350      652      936      1053     697      
17       1065     376      424      996      987      
18       885      809      1185     1181     864      
19       828      515      1046     1065     817      
20       628      635      900      604      420      
21       582      1075     340      1108     1183     
22       475      1062     1113     998      598      
23       555      1040     1118     501      681      
24       847      718      920      985      353      
25       618      581      755      438      487      
26       738      595      800      788      631      
27       584      544      541      491      1115     
28       533      494      1039     411      678      
29       1017     1002     372      447      897      
30       800      323      860      861      429      
31       776      1182     714      1183     574      
32       403      974      1138     965      1017     
33       412      430      1090     959      327      
34       1040     448      374      750      376      
35       841      456      1130     974      427      
36       512      1148     544      329      394      
37       1110     600      979      779      341      
38       1046     824      727      880      1165     
39       411      631      812      594      1078     
40       685      1031     422      1119     846      
41       745      717      766      589      598      
42       932      868      496      990      817      
43       814      443      957      368      1059     
44       727      923      398      800      392      
45       1098     1194     978      1038     607      
46       540      793      1074     773      977      
47       872      365      863      1010     591      
48       725      869      364      1156     301      
49       1088     1086     438      390      1172     
50       1153     676      1124     802      685      
;



Table CP(j,w)    Capacidade produtiva de w em j
         1        2        3        4        5        
1        23040    23040    23040    23040    23040    
2        23040    23040    23040    23040    23040    
3        23040    23040    23040    23040    23040    
4        23040    23040    23040    23040    23040    
5        23040    23040    23040    23040    23040    
6        23040    23040    23040    23040    23040    
7        23040    23040    23040    23040    23040    
;



