sets
    j        periodos de programacao          /1*7/
    i        indice dos pedidos              /1*50/
    w        indice dos estagios produtivos  /1*5/
    ;

    Parameters

    beta
    /0.0/
    tau(i)   custo diario de atraso do pedido i
/
1	7
2	6
3	5
4	8
5	6
6	8
7	7
8	8
9	7
10	7
11	7
12	5
13	6
14	6
15	9
16	7
17	8
18	9
19	7
20	9
21	8
22	7
23	8
24	5
25	8
26	7
27	9
28	5
29	9
30	7
31	6
32	8
33	5
34	9
35	6
36	9
37	9
38	5
39	7
40	7
41	5
42	6
43	7
44	5
45	6
46	8
47	5
48	5
49	6
50	7
/

upsilon(w)       custo de operacao do setor produtivo w
/
1	8
2	7
3	1
4	2
5	7
/

d(i)     data de entrega de i
/
1	6
2	5
3	6
4	6
5	6
6	5
7	6
8	6
9	5
10	5
11	5
12	5
13	6
14	5
15	6
16	6
17	5
18	5
19	5
20	6
21	5
22	6
23	5
24	5
25	5
26	5
27	5
28	5
29	6
30	5
31	6
32	5
33	5
34	5
35	6
36	6
37	5
38	5
39	6
40	6
41	5
42	5
43	6
44	6
45	6
46	6
47	6
48	6
49	6
50	6
/
;
Table TP(i,w)    Tempo de processamento de i em w
         1        2        3        4        5        
1        661      1158     671      516      533      
2        1193     1042     1072     952      772      
3        854      999      890      566      1151     
4        976      731      413      840      920      
5        332      691      364      706      415      
6        341      831      749      1065     1181     
7        1098     1114     1016     785      696      
8        553      540      493      777      1063     
9        507      487      935      399      1185     
10       904      468      424      916      719      
11       686      1033     318      504      865      
12       644      360      626      492      958      
13       452      1100     660      973      859      
14       596      611      573      624      1119     
15       1158     614      938      987      477      
16       593      776      1061     609      1012     
17       1155     867      750      818      464      
18       715      394      875      333      642      
19       987      516      388      848      581      
20       623      605      972      834      430      
21       708      450      687      374      950      
22       670      948      1196     616      613      
23       559      1081     800      911      970      
24       883      897      339      366      447      
25       499      957      995      1113     506      
26       509      816      977      1003     1062     
27       754      880      538      915      471      
28       1047     507      607      348      770      
29       483      884      743      977      584      
30       862      1130     736      928      589      
31       791      870      437      689      962      
32       1088     1143     970      945      603      
33       315      651      661      1187     669      
34       879      834      998      675      561      
35       755      561      765      732      424      
36       836      633      854      709      1021     
37       440      477      531      778      478      
38       851      546      817      661      339      
39       1061     892      371      946      1073     
40       321      1084     311      689      876      
41       1057     996      630      633      787      
42       656      1124     1100     984      903      
43       912      988      1150     979      943      
44       600      699      363      318      670      
45       600      830      620      544      381      
46       1105     1007     702      806      1050     
47       324      340      399      913      321      
48       865      482      1057     439      357      
49       468      964      640      484      934      
50       891      543      848      836      440      
;



Table CP(j,w)    Capacidade produtiva de w em j
         1        2        3        4        5        
1        23040    23040    23040    23040    23040    
2        23040    23040    23040    23040    23040    
3        23040    23040    23040    23040    23040    
4        23040    23040    23040    23040    23040    
5        23040    23040    23040    23040    23040    
6        23040    23040    23040    23040    23040    
7        23040    23040    23040    23040    23040    
;



