sets
    j        periodos de programacao          /1*7/
    i        indice dos pedidos              /1*30/
    w        indice dos estagios produtivos  /1*5/
    ;

    Parameters

    beta
    /0.0/
    tau(i)   custo diario de atraso do pedido i
/
1	8
2	6
3	8
4	7
5	8
6	9
7	8
8	7
9	6
10	7
11	8
12	7
13	8
14	8
15	9
16	8
17	5
18	7
19	6
20	9
21	7
22	5
23	6
24	7
25	8
26	8
27	6
28	7
29	7
30	6
/

upsilon(w)       custo de operacao do setor produtivo w
/
1	7
2	6
3	7
4	3
5	2
/

d(i)     data de entrega de i
/
1	5
2	5
3	5
4	6
5	6
6	5
7	5
8	6
9	5
10	5
11	5
12	6
13	5
14	6
15	6
16	6
17	5
18	5
19	6
20	6
21	5
22	6
23	6
24	6
25	6
26	6
27	6
28	5
29	5
30	6
/
;
Table TP(i,w)    Tempo de processamento de i em w
         1        2        3        4        5        
1        376      457      943      678      1098     
2        330      1087     997      1107     802      
3        503      1200     734      420      934      
4        1066     760      970      593      731      
5        621      320      860      650      957      
6        972      1095     1059     339      406      
7        845      1033     665      451      453      
8        348      420      945      543      1096     
9        646      1048     1122     909      945      
10       479      1067     629      636      901      
11       398      339      1080     1163     312      
12       967      905      961      506      783      
13       410      948      1071     1156     341      
14       485      477      1094     1088     1051     
15       466      863      328      1132     377      
16       723      348      303      1194     456      
17       592      742      924      952      371      
18       1042     1115     413      737      1065     
19       694      1155     609      897      1113     
20       964      353      794      357      709      
21       1093     781      648      651      930      
22       611      1048     645      766      1174     
23       392      605      678      815      316      
24       751      792      597      938      363      
25       501      1175     781      915      656      
26       816      656      309      988      716      
27       587      405      1064     573      485      
28       899      1015     418      889      1190     
29       526      367      1142     811      1089     
30       961      363      436      430      980      
;



Table CP(j,w)    Capacidade produtiva de w em j
         1        2        3        4        5        
1        23040    23040    23040    23040    23040    
2        23040    23040    23040    23040    23040    
3        23040    23040    23040    23040    23040    
4        23040    23040    23040    23040    23040    
5        23040    23040    23040    23040    23040    
6        23040    23040    23040    23040    23040    
7        23040    23040    23040    23040    23040    
;



