sets
    j        periodos de programacao          /1*9/
    i        indice dos pedidos              /1*30/
    w        indice dos estagios produtivos  /1*7/
    ;

    Parameters

    beta
    /0.0/
    tau(i)   custo diario de atraso do pedido i
/
1	7
2	8
3	9
4	6
5	9
6	8
7	6
8	8
9	7
10	5
11	8
12	5
13	8
14	8
15	7
16	9
17	8
18	9
19	5
20	5
21	8
22	7
23	9
24	9
25	8
26	6
27	8
28	8
29	8
30	9
/

upsilon(w)       custo de operacao do setor produtivo w
/
1	6
2	2
3	9
4	3
5	8
6	5
7	8
/

d(i)     data de entrega de i
/
1	8
2	8
3	7
4	7
5	8
6	7
7	8
8	8
9	7
10	8
11	8
12	8
13	8
14	7
15	8
16	8
17	7
18	7
19	7
20	8
21	7
22	7
23	7
24	8
25	7
26	7
27	7
28	8
29	8
30	7
/
;
Table TP(i,w)    Tempo de processamento de i em w
         1        2        3        4        5        6        7        
1        745      488      321      474      1080     951      1129     
2        458      792      811      1020     674      1023     721      
3        979      431      1067     395      1008     1046     492      
4        321      384      842      829      397      352      706      
5        712      825      514      1123     471      1062     1054     
6        1158     700      942      348      482      1085     1192     
7        1196     945      887      941      1188     340      915      
8        372      675      322      515      754      858      1183     
9        482      492      463      685      524      682      894      
10       786      452      783      575      996      720      744      
11       829      333      1111     317      381      576      1055     
12       882      375      1043     1107     1059     432      960      
13       506      379      1045     378      724      533      546      
14       901      832      400      646      1022     370      992      
15       1180     1163     313      1022     762      639      320      
16       1084     973      698      1069     539      462      699      
17       576      325      740      921      537      637      784      
18       456      1078     759      447      453      1117     995      
19       657      829      1182     837      892      729      721      
20       640      841      648      400      670      820      864      
21       928      1003     1099     925      1027     390      611      
22       585      585      1152     1154     609      1158     630      
23       1064     1086     433      807      701      821      636      
24       1121     909      846      312      353      371      967      
25       815      513      729      1089     1193     1002     573      
26       762      1191     1024     807      1058     434      836      
27       942      393      857      532      1074     708      1138     
28       661      711      836      836      708      929      575      
29       384      778      626      1068     684      891      798      
30       1022     393      1047     607      571      527      811      
;



Table CP(j,w)    Capacidade produtiva de w em j
         1        2        3        4        5        6        7        
1        23040    23040    23040    23040    23040    23040    23040    
2        23040    23040    23040    23040    23040    23040    23040    
3        23040    23040    23040    23040    23040    23040    23040    
4        23040    23040    23040    23040    23040    23040    23040    
5        23040    23040    23040    23040    23040    23040    23040    
6        23040    23040    23040    23040    23040    23040    23040    
7        23040    23040    23040    23040    23040    23040    23040    
8        23040    23040    23040    23040    23040    23040    23040    
9        23040    23040    23040    23040    23040    23040    23040    
;



