sets
    j        periodos de programacao          /1*11/
    i        indice dos pedidos              /1*30/
    w        indice dos estagios produtivos  /1*7/
    ;

    Parameters

    beta
    /0.0/
    tau(i)   custo diario de atraso do pedido i
/
1	7
2	7
3	6
4	8
5	6
6	8
7	7
8	7
9	8
10	9
11	8
12	9
13	6
14	9
15	7
16	7
17	9
18	7
19	8
20	8
21	8
22	8
23	9
24	9
25	6
26	6
27	5
28	8
29	9
30	6
/

upsilon(w)       custo de operacao do setor produtivo w
/
1	7
2	4
3	2
4	2
5	2
6	2
7	2
/

d(i)     data de entrega de i
/
1	10
2	7
3	10
4	7
5	10
6	10
7	10
8	8
9	10
10	9
11	7
12	10
13	10
14	10
15	9
16	8
17	7
18	9
19	9
20	10
21	7
22	9
23	9
24	8
25	10
26	8
27	7
28	7
29	8
30	7
/
;
Table TP(i,w)    Tempo de processamento de i em w
         1        2        3        4        5        6        7        
1        692      373      787      370      589      371      858      
2        891      633      901      690      389      1062     970      
3        428      506      1067     1117     1108     388      667      
4        882      851      588      382      857      454      747      
5        978      443      633      751      622      1019     1044     
6        1163     407      764      408      455      1043     1173     
7        676      1189     786      929      1040     1029     760      
8        585      1032     899      953      471      796      431      
9        1009     501      1098     620      544      337      543      
10       748      1144     665      937      1106     616      305      
11       1068     1069     524      386      758      777      907      
12       438      553      1019     948      966      485      399      
13       900      642      527      544      412      420      900      
14       1143     1005     834      625      1165     432      967      
15       348      961      1078     873      758      574      491      
16       565      424      365      902      939      652      1098     
17       811      1038     1152     837      1111     880      888      
18       301      783      415      716      723      941      766      
19       1036     1189     1023     1123     365      490      620      
20       857      883      445      407      959      1123     1044     
21       927      893      911      394      328      819      685      
22       746      321      861      1153     1074     530      592      
23       1098     423      964      977      1110     369      909      
24       1185     1148     541      701      994      807      1042     
25       1106     305      981      1171     1200     705      990      
26       851      713      993      641      1175     412      1023     
27       495      615      761      619      780      385      393      
28       981      1123     1027     725      816      1154     819      
29       645      326      1128     786      1025     552      846      
30       793      980      630      1043     847      933      1088     
;



Table CP(j,w)    Capacidade produtiva de w em j
         1        2        3        4        5        6        7        
1        23040    23040    23040    23040    23040    23040    23040    
2        23040    23040    23040    23040    23040    23040    23040    
3        23040    23040    23040    23040    23040    23040    23040    
4        23040    23040    23040    23040    23040    23040    23040    
5        23040    23040    23040    23040    23040    23040    23040    
6        23040    23040    23040    23040    23040    23040    23040    
7        23040    23040    23040    23040    23040    23040    23040    
8        23040    23040    23040    23040    23040    23040    23040    
9        23040    23040    23040    23040    23040    23040    23040    
10       23040    23040    23040    23040    23040    23040    23040    
11       23040    23040    23040    23040    23040    23040    23040    
;



