sets
    j        periodos de programacao          /1*9/
    i        indice dos pedidos              /1*30/
    w        indice dos estagios produtivos  /1*5/
    ;

    Parameters

    beta
    /0.0/
    tau(i)   custo diario de atraso do pedido i
/
1	9
2	5
3	5
4	6
5	6
6	6
7	8
8	6
9	7
10	5
11	5
12	6
13	9
14	6
15	8
16	8
17	8
18	6
19	9
20	9
21	9
22	8
23	7
24	8
25	6
26	7
27	6
28	8
29	6
30	7
/

upsilon(w)       custo de operacao do setor produtivo w
/
1	5
2	9
3	6
4	9
5	9
/

d(i)     data de entrega de i
/
1	5
2	7
3	5
4	7
5	6
6	5
7	8
8	7
9	7
10	8
11	7
12	5
13	8
14	8
15	7
16	7
17	7
18	5
19	6
20	7
21	8
22	6
23	7
24	5
25	7
26	5
27	6
28	5
29	5
30	6
/
;
Table TP(i,w)    Tempo de processamento de i em w
         1        2        3        4        5        
1        344      1090     642      1163     741      
2        871      1079     531      947      1170     
3        712      776      539      805      569      
4        941      849      848      1084     329      
5        512      1127     339      663      499      
6        495      948      1114     706      888      
7        796      799      1200     1069     301      
8        556      419      304      1102     890      
9        1097     1087     797      829      1010     
10       779      854      1051     555      410      
11       1049     302      895      732      591      
12       1196     672      1124     851      983      
13       1186     627      1155     598      460      
14       417      1145     428      936      685      
15       837      529      777      878      866      
16       495      623      368      467      837      
17       1174     505      1063     310      1173     
18       1182     889      835      825      379      
19       1138     406      1138     789      392      
20       690      786      429      1033     475      
21       547      692      507      1038     961      
22       980      1195     824      839      1144     
23       883      900      996      1149     609      
24       382      437      382      905      364      
25       1174     488      703      383      428      
26       740      944      881      1168     645      
27       420      1066     1184     748      1002     
28       1004     1108     618      878      962      
29       978      611      567      361      310      
30       1183     644      567      597      1059     
;



Table CP(j,w)    Capacidade produtiva de w em j
         1        2        3        4        5        
1        23040    23040    23040    23040    23040    
2        23040    23040    23040    23040    23040    
3        23040    23040    23040    23040    23040    
4        23040    23040    23040    23040    23040    
5        23040    23040    23040    23040    23040    
6        23040    23040    23040    23040    23040    
7        23040    23040    23040    23040    23040    
8        23040    23040    23040    23040    23040    
9        23040    23040    23040    23040    23040    
;



