sets
    j        periodos de programacao          /1*5/
    i        indice dos pedidos              /1*30/
    w        indice dos estagios produtivos  /1*3/
    ;

    Parameters

    beta
    /0.0/
    tau(i)   custo diario de atraso do pedido i
/
1	6
2	6
3	6
4	7
5	6
6	9
7	7
8	7
9	8
10	9
11	9
12	5
13	6
14	9
15	6
16	6
17	9
18	8
19	7
20	5
21	6
22	5
23	9
24	9
25	5
26	6
27	5
28	5
29	7
30	9
/

upsilon(w)       custo de operacao do setor produtivo w
/
1	2
2	7
3	8
/

d(i)     data de entrega de i
/
1	4
2	4
3	3
4	4
5	4
6	3
7	3
8	3
9	3
10	4
11	4
12	4
13	3
14	4
15	4
16	3
17	4
18	3
19	4
20	4
21	3
22	4
23	4
24	4
25	3
26	3
27	3
28	3
29	3
30	4
/
;
Table TP(i,w)    Tempo de processamento de i em w
         1        2        3        
1        1070     600      979      
2        383      929      1145     
3        1034     1042     1060     
4        491      1094     846      
5        979      904      836      
6        907      886      680      
7        1114     1070     532      
8        711      507      1024     
9        559      658      628      
10       1132     690      1046     
11       933      310      835      
12       772      1001     977      
13       857      1195     1069     
14       546      473      696      
15       898      1094     792      
16       744      986      1168     
17       481      463      640      
18       1117     394      542      
19       789      1149     792      
20       613      474      1170     
21       646      766      403      
22       1126     457      1097     
23       588      625      340      
24       929      701      899      
25       651      377      890      
26       1108     1041     1190     
27       910      678      1165     
28       1159     871      513      
29       560      813      437      
30       1057     917      300      
;



Table CP(j,w)    Capacidade produtiva de w em j
         1        2        3        
1        23040    23040    23040    
2        23040    23040    23040    
3        23040    23040    23040    
4        23040    23040    23040    
5        23040    23040    23040    
;



