sets
    j        periodos de programacao          /1*7/
    i        indice dos pedidos              /1*30/
    w        indice dos estagios produtivos  /1*5/
    ;

    Parameters

    beta
    /0.0/
    tau(i)   custo diario de atraso do pedido i
/
1	7
2	8
3	5
4	6
5	5
6	5
7	9
8	7
9	6
10	9
11	5
12	8
13	7
14	5
15	8
16	5
17	6
18	6
19	9
20	6
21	9
22	6
23	5
24	5
25	9
26	8
27	8
28	8
29	5
30	9
/

upsilon(w)       custo de operacao do setor produtivo w
/
1	5
2	3
3	5
4	8
5	9
/

d(i)     data de entrega de i
/
1	5
2	5
3	6
4	6
5	5
6	6
7	5
8	5
9	5
10	6
11	5
12	5
13	6
14	5
15	6
16	6
17	6
18	6
19	5
20	6
21	6
22	5
23	5
24	6
25	6
26	6
27	6
28	5
29	6
30	6
/
;
Table TP(i,w)    Tempo de processamento de i em w
         1        2        3        4        5        
1        444      1000     408      1136     333      
2        1184     761      690      793      726      
3        510      688      524      415      775      
4        374      1172     706      907      1047     
5        704      913      483      902      470      
6        1148     809      541      1040     655      
7        1185     1009     839      1086     458      
8        885      900      845      1088     871      
9        418      427      835      930      342      
10       1076     486      830      368      886      
11       651      1067     1150     1191     672      
12       399      647      806      693      1167     
13       1020     1096     552      557      512      
14       878      815      957      930      872      
15       398      312      535      359      441      
16       649      565      863      580      694      
17       1185     591      485      333      618      
18       772      815      634      779      1200     
19       655      996      1021     759      917      
20       769      789      1115     826      815      
21       856      1156     620      657      498      
22       404      480      777      814      471      
23       833      455      1021     809      476      
24       625      934      1182     693      812      
25       973      1080     897      863      950      
26       562      1038     907      565      557      
27       520      779      1078     814      1031     
28       871      602      571      1022     447      
29       1188     625      929      724      573      
30       1123     582      1198     767      904      
;



Table CP(j,w)    Capacidade produtiva de w em j
         1        2        3        4        5        
1        23040    23040    23040    23040    23040    
2        23040    23040    23040    23040    23040    
3        23040    23040    23040    23040    23040    
4        23040    23040    23040    23040    23040    
5        23040    23040    23040    23040    23040    
6        23040    23040    23040    23040    23040    
7        23040    23040    23040    23040    23040    
;



