sets
    j        periodos de programacao          /1*9/
    i        indice dos pedidos              /1*50/
    w        indice dos estagios produtivos  /1*7/
    ;

    Parameters

    beta
    /0.0/
    tau(i)   custo diario de atraso do pedido i
/
1	6
2	8
3	8
4	6
5	7
6	7
7	9
8	5
9	8
10	8
11	8
12	5
13	9
14	9
15	9
16	8
17	9
18	5
19	6
20	6
21	9
22	6
23	8
24	6
25	9
26	8
27	9
28	9
29	6
30	6
31	9
32	5
33	8
34	8
35	6
36	6
37	5
38	6
39	5
40	8
41	9
42	8
43	9
44	6
45	8
46	5
47	8
48	8
49	6
50	7
/

upsilon(w)       custo de operacao do setor produtivo w
/
1	1
2	9
3	1
4	2
5	3
6	9
7	2
/

d(i)     data de entrega de i
/
1	8
2	8
3	8
4	8
5	7
6	7
7	7
8	8
9	7
10	7
11	8
12	8
13	8
14	8
15	8
16	7
17	7
18	7
19	7
20	7
21	8
22	8
23	8
24	8
25	7
26	7
27	7
28	7
29	7
30	7
31	8
32	7
33	8
34	8
35	7
36	7
37	8
38	7
39	7
40	8
41	8
42	8
43	7
44	7
45	8
46	7
47	7
48	8
49	8
50	7
/
;
Table TP(i,w)    Tempo de processamento de i em w
         1        2        3        4        5        6        7        
1        720      583      1036     372      1142     718      946      
2        561      627      1042     427      827      471      1069     
3        543      853      456      535      664      873      748      
4        640      1006     1149     463      347      741      375      
5        307      577      514      604      665      347      601      
6        641      644      592      369      1055     1028     851      
7        385      375      424      1047     383      770      1092     
8        319      668      960      1118     942      361      786      
9        861      759      1066     415      820      719      376      
10       972      1178     1090     857      1184     301      312      
11       344      569      965      523      1166     1178     413      
12       984      330      978      401      970      966      1045     
13       646      802      445      1081     390      1147     1080     
14       617      627      643      751      1186     701      516      
15       325      484      1191     886      1196     836      904      
16       947      865      481      583      519      550      1142     
17       508      416      1009     711      1070     371      790      
18       816      650      492      1154     471      976      951      
19       578      1138     802      676      491      804      793      
20       638      417      461      466      548      886      895      
21       345      566      935      1030     388      619      1151     
22       370      481      748      477      485      405      799      
23       1173     421      1076     1094     853      751      1120     
24       1043     835      301      358      628      1099     791      
25       1159     506      826      642      725      595      1197     
26       420      860      583      1019     781      447      1140     
27       493      566      1036     873      375      326      455      
28       922      1159     997      578      399      904      430      
29       404      820      592      372      881      964      457      
30       348      394      820      1075     579      323      920      
31       1059     1056     981      770      1158     317      1129     
32       652      760      1195     381      563      946      459      
33       613      1126     1084     1143     440      300      310      
34       481      939      1030     617      376      729      466      
35       1109     527      816      573      794      720      950      
36       479      421      815      913      739      774      633      
37       651      583      905      632      489      610      1095     
38       976      1165     602      416      1032     385      989      
39       627      713      819      375      336      681      1028     
40       605      589      1179     321      1176     1092     818      
41       864      497      385      353      766      368      411      
42       368      471      866      1192     785      1102     810      
43       420      1050     815      880      505      671      925      
44       718      1185     805      963      357      551      479      
45       632      1147     839      614      665      888      333      
46       1168     561      628      584      645      1198     327      
47       1049     503      934      974      1009     406      1101     
48       1085     399      846      319      577      969      998      
49       565      992      1161     769      1082     639      433      
50       622      777      575      899      424      1048     776      
;



Table CP(j,w)    Capacidade produtiva de w em j
         1        2        3        4        5        6        7        
1        23040    23040    23040    23040    23040    23040    23040    
2        23040    23040    23040    23040    23040    23040    23040    
3        23040    23040    23040    23040    23040    23040    23040    
4        23040    23040    23040    23040    23040    23040    23040    
5        23040    23040    23040    23040    23040    23040    23040    
6        23040    23040    23040    23040    23040    23040    23040    
7        23040    23040    23040    23040    23040    23040    23040    
8        23040    23040    23040    23040    23040    23040    23040    
9        23040    23040    23040    23040    23040    23040    23040    
;



