sets
    j        periodos de programacao          /1*9/
    i        indice dos pedidos              /1*50/
    w        indice dos estagios produtivos  /1*5/
    ;

    Parameters

    beta
    /0.0/
    tau(i)   custo diario de atraso do pedido i
/
1	9
2	6
3	6
4	5
5	8
6	7
7	7
8	7
9	5
10	7
11	8
12	6
13	6
14	5
15	8
16	8
17	5
18	6
19	9
20	7
21	5
22	9
23	6
24	8
25	9
26	6
27	6
28	9
29	5
30	8
31	9
32	7
33	9
34	5
35	8
36	5
37	6
38	8
39	8
40	8
41	9
42	8
43	6
44	5
45	5
46	8
47	9
48	7
49	6
50	6
/

upsilon(w)       custo de operacao do setor produtivo w
/
1	7
2	8
3	8
4	3
5	7
/

d(i)     data de entrega de i
/
1	7
2	8
3	5
4	5
5	8
6	7
7	8
8	5
9	7
10	7
11	8
12	6
13	7
14	8
15	7
16	5
17	5
18	8
19	8
20	7
21	8
22	6
23	6
24	8
25	6
26	6
27	6
28	7
29	8
30	5
31	7
32	6
33	7
34	5
35	6
36	5
37	5
38	6
39	8
40	8
41	8
42	7
43	8
44	7
45	6
46	8
47	8
48	5
49	6
50	6
/
;
Table TP(i,w)    Tempo de processamento de i em w
         1        2        3        4        5        
1        390      449      460      948      1088     
2        1177     909      812      1163     527      
3        475      543      1181     559      307      
4        719      596      1192     1143     950      
5        942      464      983      996      1128     
6        719      1172     553      370      1164     
7        509      1055     431      981      1161     
8        891      1127     1012     1070     893      
9        1102     1036     1137     777      481      
10       411      707      568      1169     627      
11       408      1006     300      692      771      
12       1060     617      940      981      913      
13       889      743      471      870      931      
14       1042     763      353      364      658      
15       1173     711      481      1042     751      
16       561      915      946      721      310      
17       625      669      1081     1089     735      
18       1016     966      1131     680      873      
19       941      840      734      515      402      
20       1168     671      633      1017     416      
21       1014     703      1125     557      764      
22       345      539      507      309      565      
23       1070     849      1099     336      991      
24       1010     946      903      346      1164     
25       600      959      1018     402      777      
26       620      883      358      948      768      
27       694      357      692      1060     869      
28       1080     634      758      932      460      
29       1010     775      907      746      1152     
30       1126     1086     720      847      1001     
31       730      852      686      945      892      
32       623      300      1095     1150     1104     
33       880      729      920      594      1080     
34       654      605      323      610      905      
35       991      1109     1146     896      792      
36       570      511      1193     766      1186     
37       532      968      1044     760      1200     
38       1124     982      898      528      1014     
39       746      943      527      345      904      
40       719      999      386      308      777      
41       1124     867      566      918      746      
42       448      440      945      460      445      
43       529      949      882      533      618      
44       380      542      356      553      340      
45       674      810      566      930      384      
46       943      765      324      300      605      
47       1126     313      1043     1026     1076     
48       598      381      606      872      1032     
49       644      778      873      1197     608      
50       393      454      1136     629      1038     
;



Table CP(j,w)    Capacidade produtiva de w em j
         1        2        3        4        5        
1        23040    23040    23040    23040    23040    
2        23040    23040    23040    23040    23040    
3        23040    23040    23040    23040    23040    
4        23040    23040    23040    23040    23040    
5        23040    23040    23040    23040    23040    
6        23040    23040    23040    23040    23040    
7        23040    23040    23040    23040    23040    
8        23040    23040    23040    23040    23040    
9        23040    23040    23040    23040    23040    
;



