sets
    j        periodos de programacao          /1*7/
    i        indice dos pedidos              /1*50/
    w        indice dos estagios produtivos  /1*5/
    ;

    Parameters

    beta
    /0.0/
    tau(i)   custo diario de atraso do pedido i
/
1	6
2	7
3	9
4	8
5	6
6	6
7	5
8	6
9	5
10	6
11	9
12	5
13	8
14	7
15	7
16	9
17	5
18	8
19	6
20	5
21	9
22	5
23	8
24	8
25	9
26	9
27	9
28	8
29	5
30	5
31	8
32	6
33	5
34	6
35	8
36	9
37	6
38	8
39	9
40	6
41	8
42	8
43	8
44	7
45	7
46	5
47	5
48	9
49	8
50	7
/

upsilon(w)       custo de operacao do setor produtivo w
/
1	8
2	2
3	7
4	6
5	5
/

d(i)     data de entrega de i
/
1	6
2	6
3	5
4	5
5	6
6	5
7	5
8	6
9	6
10	5
11	6
12	6
13	5
14	5
15	6
16	5
17	5
18	6
19	5
20	6
21	6
22	5
23	6
24	5
25	5
26	6
27	5
28	5
29	6
30	5
31	5
32	6
33	6
34	5
35	6
36	6
37	6
38	6
39	5
40	6
41	5
42	6
43	6
44	6
45	5
46	5
47	6
48	5
49	5
50	6
/
;
Table TP(i,w)    Tempo de processamento de i em w
         1        2        3        4        5        
1        585      1167     1096     316      566      
2        1104     1082     838      1040     1060     
3        338      1108     1072     618      937      
4        593      992      343      453      1004     
5        1141     895      1156     555      389      
6        1129     372      1181     1117     732      
7        477      683      703      1012     1155     
8        897      1108     805      980      852      
9        448      454      882      347      950      
10       1122     368      657      374      928      
11       1099     1021     337      628      1135     
12       467      372      550      756      679      
13       410      1020     451      984      534      
14       471      676      784      1124     920      
15       690      495      443      331      421      
16       886      546      778      1033     725      
17       1161     450      573      454      937      
18       1161     1035     946      994      605      
19       705      1137     735      725      451      
20       1088     512      1145     1114     777      
21       955      352      761      1035     1108     
22       719      1070     427      475      510      
23       308      607      609      814      586      
24       428      1123     820      1095     1127     
25       1077     812      1147     712      497      
26       1143     832      625      367      779      
27       819      358      562      631      554      
28       1070     589      914      472      1145     
29       528      858      322      511      884      
30       1063     318      1096     383      1120     
31       390      1177     460      928      1026     
32       743      966      332      710      440      
33       738      403      790      1140     727      
34       1001     681      460      350      465      
35       873      1174     906      484      481      
36       557      520      446      967      310      
37       779      709      448      486      838      
38       980      678      620      321      805      
39       847      1149     957      995      786      
40       777      797      823      627      344      
41       546      429      678      1099     1064     
42       865      1115     630      765      977      
43       487      930      723      638      373      
44       500      739      360      869      770      
45       587      513      836      476      652      
46       800      978      1144     630      788      
47       581      450      597      1043     982      
48       1179     824      1011     370      626      
49       304      1072     651      1079     600      
50       926      874      557      660      842      
;



Table CP(j,w)    Capacidade produtiva de w em j
         1        2        3        4        5        
1        23040    23040    23040    23040    23040    
2        23040    23040    23040    23040    23040    
3        23040    23040    23040    23040    23040    
4        23040    23040    23040    23040    23040    
5        23040    23040    23040    23040    23040    
6        23040    23040    23040    23040    23040    
7        23040    23040    23040    23040    23040    
;



