sets
    j        periodos de programacao          /1*5/
    i        indice dos pedidos              /1*30/
    w        indice dos estagios produtivos  /1*3/
    ;

    Parameters

    beta
    /0.0/
    tau(i)   custo diario de atraso do pedido i
/
1	8
2	6
3	5
4	8
5	6
6	5
7	7
8	6
9	9
10	9
11	5
12	5
13	8
14	9
15	6
16	9
17	7
18	9
19	9
20	7
21	9
22	5
23	9
24	5
25	7
26	7
27	8
28	6
29	6
30	6
/

upsilon(w)       custo de operacao do setor produtivo w
/
1	4
2	3
3	2
/

d(i)     data de entrega de i
/
1	4
2	4
3	3
4	3
5	3
6	4
7	3
8	3
9	4
10	4
11	4
12	3
13	3
14	4
15	4
16	3
17	3
18	3
19	4
20	3
21	3
22	4
23	3
24	3
25	3
26	4
27	3
28	3
29	4
30	4
/
;
Table TP(i,w)    Tempo de processamento de i em w
         1        2        3        
1        847      643      668      
2        1179     402      476      
3        522      1021     927      
4        671      468      1133     
5        1116     1086     660      
6        539      578      906      
7        485      1088     944      
8        324      1134     611      
9        386      1033     934      
10       859      464      632      
11       543      433      1199     
12       907      919      748      
13       354      340      1013     
14       304      1166     755      
15       905      597      655      
16       643      475      895      
17       843      826      387      
18       529      878      553      
19       554      534      714      
20       392      1107     1071     
21       517      1046     1148     
22       904      792      592      
23       317      1007     909      
24       1030     629      637      
25       1165     693      980      
26       1040     616      810      
27       316      1109     465      
28       1163     781      439      
29       1192     1129     1158     
30       474      1199     1166     
;



Table CP(j,w)    Capacidade produtiva de w em j
         1        2        3        
1        23040    23040    23040    
2        23040    23040    23040    
3        23040    23040    23040    
4        23040    23040    23040    
5        23040    23040    23040    
;



