sets
    j        periodos de programacao          /1*7/
    i        indice dos pedidos              /1*50/
    w        indice dos estagios produtivos  /1*5/
    ;

    Parameters

    beta
    /0.0/
    tau(i)   custo diario de atraso do pedido i
/
1	8
2	5
3	6
4	7
5	9
6	6
7	9
8	9
9	7
10	9
11	8
12	5
13	5
14	8
15	8
16	9
17	6
18	7
19	9
20	6
21	6
22	8
23	7
24	6
25	6
26	8
27	5
28	9
29	8
30	6
31	5
32	5
33	9
34	8
35	8
36	8
37	7
38	7
39	9
40	7
41	5
42	5
43	5
44	6
45	7
46	6
47	7
48	9
49	9
50	5
/

upsilon(w)       custo de operacao do setor produtivo w
/
1	2
2	5
3	7
4	5
5	3
/

d(i)     data de entrega de i
/
1	6
2	5
3	5
4	5
5	6
6	6
7	6
8	5
9	5
10	5
11	5
12	5
13	6
14	5
15	5
16	6
17	5
18	5
19	6
20	5
21	6
22	5
23	5
24	6
25	6
26	5
27	6
28	6
29	5
30	6
31	6
32	5
33	5
34	5
35	5
36	5
37	6
38	6
39	6
40	5
41	5
42	6
43	5
44	5
45	6
46	5
47	5
48	5
49	6
50	5
/
;
Table TP(i,w)    Tempo de processamento de i em w
         1        2        3        4        5        
1        853      928      996      1066     372      
2        384      526      482      903      1196     
3        949      691      504      942      623      
4        1036     468      958      944      643      
5        1130     779      407      346      853      
6        954      1156     424      707      523      
7        621      321      310      926      1126     
8        1156     1034     1088     623      690      
9        886      864      621      426      367      
10       997      880      1131     1170     825      
11       765      629      684      572      1187     
12       1050     1143     617      864      1004     
13       754      649      423      877      829      
14       713      1175     351      1071     935      
15       844      668      698      310      1190     
16       559      1189     760      300      486      
17       911      502      1056     890      346      
18       1108     615      385      471      1114     
19       606      578      1125     520      1145     
20       583      471      1165     1012     996      
21       577      492      674      575      693      
22       472      879      347      1106     551      
23       914      989      893      446      658      
24       646      413      1014     967      495      
25       1044     347      965      402      436      
26       791      852      835      948      678      
27       1057     823      1059     330      513      
28       312      1056     972      843      785      
29       1067     707      1083     638      885      
30       988      921      1023     448      1078     
31       854      559      1054     671      868      
32       743      458      994      1128     335      
33       426      501      1117     434      1084     
34       718      310      423      772      614      
35       1125     655      963      354      1198     
36       639      1039     1144     1185     583      
37       952      493      562      768      764      
38       1154     595      301      741      326      
39       977      669      1167     395      459      
40       977      849      415      1179     864      
41       699      578      538      647      733      
42       914      1059     714      854      432      
43       515      901      334      874      1012     
44       1189     506      682      986      1065     
45       367      740      1010     695      1106     
46       1133     798      900      401      977      
47       392      1052     1057     384      320      
48       420      300      1180     732      1085     
49       436      1187     1138     787      766      
50       1182     652      304      777      397      
;



Table CP(j,w)    Capacidade produtiva de w em j
         1        2        3        4        5        
1        23040    23040    23040    23040    23040    
2        23040    23040    23040    23040    23040    
3        23040    23040    23040    23040    23040    
4        23040    23040    23040    23040    23040    
5        23040    23040    23040    23040    23040    
6        23040    23040    23040    23040    23040    
7        23040    23040    23040    23040    23040    
;



