sets
    j        periodos de programacao          /1*7/
    i        indice dos pedidos              /1*30/
    w        indice dos estagios produtivos  /1*3/
    ;

    Parameters

    beta
    /0.0/
    tau(i)   custo diario de atraso do pedido i
/
1	7
2	9
3	7
4	7
5	7
6	9
7	8
8	8
9	8
10	6
11	6
12	5
13	9
14	6
15	9
16	5
17	9
18	5
19	7
20	8
21	8
22	7
23	7
24	7
25	5
26	7
27	7
28	9
29	6
30	8
/

upsilon(w)       custo de operacao do setor produtivo w
/
1	8
2	8
3	7
/

d(i)     data de entrega de i
/
1	4
2	3
3	5
4	5
5	6
6	4
7	4
8	3
9	3
10	3
11	3
12	5
13	4
14	3
15	4
16	5
17	6
18	5
19	6
20	5
21	4
22	3
23	6
24	5
25	3
26	4
27	4
28	6
29	6
30	4
/
;
Table TP(i,w)    Tempo de processamento de i em w
         1        2        3        
1        371      589      604      
2        313      518      1123     
3        766      535      1142     
4        344      380      421      
5        491      343      866      
6        1007     581      977      
7        865      489      711      
8        1180     409      328      
9        533      747      1100     
10       1073     1070     530      
11       914      613      720      
12       689      947      312      
13       1090     1116     1166     
14       1135     909      501      
15       912      649      588      
16       871      586      912      
17       844      355      441      
18       578      730      1184     
19       577      464      612      
20       1111     576      485      
21       473      485      534      
22       1099     1073     420      
23       371      692      1051     
24       1004     734      512      
25       340      569      764      
26       472      1040     710      
27       992      1184     905      
28       410      743      1049     
29       796      501      574      
30       565      688      847      
;



Table CP(j,w)    Capacidade produtiva de w em j
         1        2        3        
1        23040    23040    23040    
2        23040    23040    23040    
3        23040    23040    23040    
4        23040    23040    23040    
5        23040    23040    23040    
6        23040    23040    23040    
7        23040    23040    23040    
;



