sets
    j        periodos de programacao          /1*5/
    i        indice dos pedidos              /1*30/
    w        indice dos estagios produtivos  /1*3/
    ;

    Parameters

    beta
    /0.0/
    tau(i)   custo diario de atraso do pedido i
/
1	6
2	9
3	5
4	8
5	5
6	9
7	9
8	7
9	9
10	7
11	5
12	7
13	6
14	5
15	6
16	8
17	8
18	9
19	8
20	6
21	5
22	9
23	6
24	9
25	5
26	5
27	9
28	8
29	5
30	9
/

upsilon(w)       custo de operacao do setor produtivo w
/
1	7
2	7
3	7
/

d(i)     data de entrega de i
/
1	4
2	3
3	4
4	4
5	4
6	3
7	3
8	4
9	4
10	4
11	4
12	4
13	4
14	4
15	3
16	3
17	3
18	4
19	4
20	4
21	4
22	4
23	4
24	3
25	4
26	4
27	4
28	4
29	3
30	4
/
;
Table TP(i,w)    Tempo de processamento de i em w
         1        2        3        
1        559      739      897      
2        542      378      419      
3        371      453      1052     
4        497      387      929      
5        810      564      1139     
6        1159     643      327      
7        508      1029     372      
8        807      557      332      
9        682      1033     401      
10       572      1007     608      
11       1127     1024     1168     
12       909      533      997      
13       466      1180     874      
14       813      322      461      
15       491      398      1136     
16       456      912      1070     
17       595      1098     1050     
18       1195     317      862      
19       1192     791      892      
20       813      1082     579      
21       745      985      793      
22       384      476      454      
23       642      859      765      
24       1193     767      557      
25       990      801      808      
26       589      647      905      
27       537      894      1096     
28       1053     604      1030     
29       753      814      652      
30       391      376      1090     
;



Table CP(j,w)    Capacidade produtiva de w em j
         1        2        3        
1        23040    23040    23040    
2        23040    23040    23040    
3        23040    23040    23040    
4        23040    23040    23040    
5        23040    23040    23040    
;



