sets
    j        periodos de programacao          /1*7/
    i        indice dos pedidos              /1*30/
    w        indice dos estagios produtivos  /1*5/
    ;

    Parameters

    beta
    /0.0/
    tau(i)   custo diario de atraso do pedido i
/
1	9
2	9
3	5
4	6
5	5
6	6
7	5
8	9
9	9
10	9
11	8
12	8
13	5
14	8
15	8
16	6
17	8
18	8
19	6
20	9
21	7
22	5
23	7
24	8
25	9
26	9
27	6
28	8
29	6
30	8
/

upsilon(w)       custo de operacao do setor produtivo w
/
1	6
2	2
3	1
4	4
5	7
/

d(i)     data de entrega de i
/
1	6
2	5
3	6
4	6
5	5
6	5
7	5
8	5
9	6
10	6
11	6
12	5
13	6
14	6
15	6
16	6
17	6
18	6
19	6
20	5
21	5
22	5
23	5
24	6
25	6
26	6
27	6
28	6
29	5
30	6
/
;
Table TP(i,w)    Tempo de processamento de i em w
         1        2        3        4        5        
1        487      762      385      668      313      
2        687      332      1176     968      602      
3        906      313      1058     828      945      
4        1071     627      495      781      331      
5        324      313      804      382      593      
6        967      656      325      434      1080     
7        1067     539      1005     1161     351      
8        989      913      829      1128     364      
9        1070     566      1096     795      721      
10       870      340      974      963      404      
11       1128     801      915      1095     699      
12       466      546      890      844      833      
13       654      396      785      622      543      
14       828      1099     954      524      1070     
15       438      1050     1062     776      1006     
16       753      1094     936      625      1043     
17       841      1196     900      308      373      
18       468      420      934      1007     639      
19       958      453      1104     665      1011     
20       354      880      683      1034     760      
21       600      424      829      466      461      
22       1094     1046     450      595      871      
23       852      706      764      1190     1020     
24       788      831      422      532      1101     
25       913      661      383      597      374      
26       862      694      323      623      334      
27       1018     695      871      635      838      
28       379      588      592      866      799      
29       784      1057     374      539      595      
30       1106     963      763      556      737      
;



Table CP(j,w)    Capacidade produtiva de w em j
         1        2        3        4        5        
1        23040    23040    23040    23040    23040    
2        23040    23040    23040    23040    23040    
3        23040    23040    23040    23040    23040    
4        23040    23040    23040    23040    23040    
5        23040    23040    23040    23040    23040    
6        23040    23040    23040    23040    23040    
7        23040    23040    23040    23040    23040    
;



