sets
    j        periodos de programacao          /1*5/
    i        indice dos pedidos              /1*30/
    w        indice dos estagios produtivos  /1*3/
    ;

    Parameters

    beta
    /0.0/
    tau(i)   custo diario de atraso do pedido i
/
1	5
2	8
3	6
4	8
5	6
6	5
7	9
8	7
9	8
10	7
11	9
12	9
13	8
14	6
15	7
16	5
17	6
18	5
19	8
20	9
21	8
22	5
23	5
24	7
25	6
26	5
27	6
28	9
29	9
30	8
/

upsilon(w)       custo de operacao do setor produtivo w
/
1	6
2	7
3	3
/

d(i)     data de entrega de i
/
1	3
2	3
3	3
4	4
5	3
6	3
7	3
8	4
9	3
10	4
11	4
12	3
13	4
14	4
15	4
16	4
17	3
18	4
19	4
20	4
21	3
22	4
23	4
24	3
25	4
26	3
27	3
28	3
29	4
30	3
/
;
Table TP(i,w)    Tempo de processamento de i em w
         1        2        3        
1        907      654      506      
2        470      831      946      
3        978      461      856      
4        961      582      486      
5        702      352      1055     
6        1160     309      629      
7        345      950      926      
8        848      1104     1125     
9        545      354      1122     
10       316      1170     320      
11       348      1033     539      
12       615      973      709      
13       623      1072     496      
14       679      950      306      
15       1151     326      978      
16       566      1183     366      
17       371      411      879      
18       613      906      705      
19       1050     727      717      
20       559      565      983      
21       725      653      604      
22       857      1015     613      
23       585      747      838      
24       658      812      517      
25       736      635      307      
26       362      649      456      
27       1052     551      902      
28       901      523      1012     
29       394      713      366      
30       624      975      826      
;



Table CP(j,w)    Capacidade produtiva de w em j
         1        2        3        
1        23040    23040    23040    
2        23040    23040    23040    
3        23040    23040    23040    
4        23040    23040    23040    
5        23040    23040    23040    
;



