sets
    j        periodos de programacao          /1*9/
    i        indice dos pedidos              /1*50/
    w        indice dos estagios produtivos  /1*5/
    ;

    Parameters

    beta
    /0.0/
    tau(i)   custo diario de atraso do pedido i
/
1	8
2	7
3	9
4	6
5	7
6	7
7	7
8	5
9	9
10	6
11	6
12	6
13	7
14	8
15	6
16	7
17	7
18	8
19	8
20	6
21	5
22	8
23	8
24	9
25	9
26	8
27	6
28	7
29	5
30	8
31	7
32	6
33	8
34	6
35	8
36	9
37	9
38	7
39	5
40	8
41	8
42	6
43	9
44	5
45	8
46	9
47	8
48	5
49	6
50	5
/

upsilon(w)       custo de operacao do setor produtivo w
/
1	4
2	9
3	8
4	9
5	7
/

d(i)     data de entrega de i
/
1	6
2	5
3	6
4	8
5	7
6	6
7	6
8	6
9	7
10	7
11	6
12	5
13	7
14	8
15	8
16	6
17	6
18	6
19	7
20	8
21	6
22	6
23	7
24	7
25	8
26	8
27	7
28	7
29	8
30	7
31	6
32	5
33	7
34	6
35	6
36	6
37	6
38	6
39	5
40	5
41	8
42	6
43	6
44	6
45	6
46	8
47	5
48	5
49	7
50	6
/
;
Table TP(i,w)    Tempo de processamento de i em w
         1        2        3        4        5        
1        863      773      580      336      614      
2        684      648      737      658      771      
3        1065     827      833      461      419      
4        466      1096     548      442      1017     
5        355      952      1098     522      802      
6        642      646      367      890      679      
7        353      770      372      915      479      
8        977      845      651      786      796      
9        1062     883      393      1089     1192     
10       380      317      659      470      865      
11       1054     509      426      393      1078     
12       910      408      1005     1125     699      
13       491      1041     1093     1183     309      
14       838      1015     1090     1127     339      
15       852      368      498      810      1112     
16       1040     582      1171     570      836      
17       616      337      309      1045     829      
18       633      554      671      870      976      
19       1138     1170     361      911      1168     
20       616      1053     849      388      555      
21       561      308      817      859      587      
22       1056     751      1086     782      1115     
23       504      973      819      705      749      
24       583      603      569      667      448      
25       683      758      758      995      754      
26       347      1120     826      398      876      
27       680      858      1108     1023     1111     
28       819      1036     740      527      1179     
29       784      497      670      1070     1181     
30       511      376      1011     729      718      
31       973      604      781      860      883      
32       1044     659      393      995      719      
33       898      470      1024     711      361      
34       450      355      784      918      919      
35       952      555      1090     336      434      
36       429      1053     809      719      599      
37       438      804      587      714      837      
38       1132     623      1186     621      743      
39       969      624      796      1084     961      
40       742      413      354      1123     309      
41       840      730      663      344      360      
42       649      794      1198     1167     1071     
43       566      1058     591      1055     348      
44       577      966      895      1045     467      
45       1100     600      764      611      989      
46       1100     739      992      326      656      
47       831      767      1034     873      906      
48       489      717      1132     736      915      
49       344      452      910      576      1048     
50       1064     530      423      882      515      
;



Table CP(j,w)    Capacidade produtiva de w em j
         1        2        3        4        5        
1        23040    23040    23040    23040    23040    
2        23040    23040    23040    23040    23040    
3        23040    23040    23040    23040    23040    
4        23040    23040    23040    23040    23040    
5        23040    23040    23040    23040    23040    
6        23040    23040    23040    23040    23040    
7        23040    23040    23040    23040    23040    
8        23040    23040    23040    23040    23040    
9        23040    23040    23040    23040    23040    
;



