sets
    j        periodos de programacao          /1*7/
    i        indice dos pedidos              /1*50/
    w        indice dos estagios produtivos  /1*3/
    ;

    Parameters

    beta
    /0.0/
    tau(i)   custo diario de atraso do pedido i
/
1	9
2	5
3	9
4	6
5	6
6	7
7	8
8	6
9	6
10	8
11	8
12	7
13	6
14	7
15	8
16	5
17	5
18	9
19	5
20	7
21	8
22	5
23	6
24	7
25	5
26	5
27	6
28	6
29	9
30	9
31	6
32	7
33	9
34	8
35	6
36	5
37	9
38	9
39	9
40	5
41	8
42	5
43	9
44	9
45	8
46	5
47	9
48	5
49	9
50	7
/

upsilon(w)       custo de operacao do setor produtivo w
/
1	8
2	6
3	3
/

d(i)     data de entrega de i
/
1	4
2	4
3	3
4	4
5	4
6	4
7	3
8	6
9	5
10	3
11	4
12	5
13	5
14	5
15	3
16	6
17	4
18	5
19	6
20	4
21	4
22	5
23	3
24	3
25	4
26	5
27	3
28	6
29	6
30	5
31	3
32	4
33	3
34	6
35	3
36	4
37	5
38	3
39	4
40	4
41	6
42	3
43	3
44	5
45	5
46	6
47	6
48	5
49	5
50	4
/
;
Table TP(i,w)    Tempo de processamento de i em w
         1        2        3        
1        830      1181     728      
2        708      853      412      
3        1014     504      1130     
4        371      619      624      
5        753      477      563      
6        508      700      936      
7        404      1131     674      
8        940      712      1173     
9        1157     1117     427      
10       930      1017     357      
11       812      1116     445      
12       630      713      844      
13       1136     352      391      
14       1043     1091     606      
15       586      729      618      
16       778      737      567      
17       1184     726      365      
18       466      1077     350      
19       365      686      794      
20       577      660      1068     
21       673      962      714      
22       497      955      644      
23       1155     886      1092     
24       685      883      916      
25       698      478      372      
26       1044     1095     349      
27       1166     1174     779      
28       954      1159     301      
29       1184     622      578      
30       760      527      305      
31       1143     1057     403      
32       601      921      1061     
33       865      774      432      
34       1149     675      377      
35       954      856      342      
36       1130     414      302      
37       836      691      680      
38       853      785      365      
39       516      588      750      
40       1122     1092     599      
41       312      305      1128     
42       1110     1073     366      
43       856      413      553      
44       1109     964      1113     
45       628      553      845      
46       1095     313      758      
47       745      512      391      
48       799      1069     629      
49       699      628      620      
50       307      793      692      
;



Table CP(j,w)    Capacidade produtiva de w em j
         1        2        3        
1        23040    23040    23040    
2        23040    23040    23040    
3        23040    23040    23040    
4        23040    23040    23040    
5        23040    23040    23040    
6        23040    23040    23040    
7        23040    23040    23040    
;



