sets
    j        periodos de programacao          /1*5/
    i        indice dos pedidos              /1*200/
    w        indice dos estagios produtivos  /1*3/
    ;

    Parameters

    beta
    /0.0/
    tau(i)   custo diario de atraso do pedido i
/
1	5
2	9
3	8
4	7
5	9
6	8
7	7
8	7
9	5
10	7
11	6
12	5
13	8
14	5
15	6
16	9
17	9
18	6
19	9
20	7
21	6
22	9
23	6
24	6
25	6
26	6
27	8
28	6
29	7
30	9
31	5
32	8
33	8
34	7
35	7
36	6
37	9
38	7
39	8
40	9
41	5
42	7
43	6
44	9
45	8
46	6
47	8
48	7
49	9
50	6
51	5
52	9
53	5
54	9
55	9
56	8
57	6
58	7
59	7
60	5
61	8
62	8
63	5
64	8
65	8
66	5
67	9
68	8
69	5
70	9
71	8
72	6
73	6
74	6
75	7
76	7
77	7
78	6
79	9
80	6
81	6
82	7
83	5
84	9
85	7
86	6
87	5
88	6
89	9
90	5
91	7
92	7
93	6
94	8
95	9
96	6
97	9
98	6
99	9
100	6
101	5
102	9
103	9
104	8
105	8
106	6
107	9
108	5
109	6
110	5
111	5
112	6
113	7
114	7
115	6
116	7
117	8
118	9
119	5
120	9
121	6
122	5
123	7
124	9
125	6
126	6
127	9
128	8
129	6
130	5
131	9
132	5
133	8
134	6
135	5
136	6
137	5
138	8
139	6
140	6
141	7
142	8
143	6
144	5
145	5
146	8
147	8
148	8
149	8
150	6
151	8
152	7
153	5
154	9
155	8
156	6
157	5
158	7
159	8
160	8
161	6
162	7
163	6
164	8
165	9
166	7
167	8
168	5
169	6
170	6
171	6
172	7
173	7
174	7
175	6
176	8
177	9
178	5
179	5
180	9
181	8
182	8
183	8
184	7
185	6
186	5
187	5
188	7
189	8
190	5
191	5
192	5
193	6
194	6
195	5
196	6
197	5
198	9
199	6
200	7
/

upsilon(w)       custo de operacao do setor produtivo w
/
1	1
2	3
3	2
/

d(i)     data de entrega de i
/
1	4
2	4
3	4
4	4
5	3
6	3
7	4
8	4
9	4
10	4
11	4
12	4
13	3
14	3
15	3
16	3
17	3
18	3
19	3
20	4
21	4
22	4
23	4
24	4
25	3
26	4
27	3
28	3
29	3
30	4
31	3
32	3
33	4
34	3
35	3
36	4
37	4
38	3
39	4
40	4
41	3
42	3
43	3
44	4
45	3
46	4
47	3
48	3
49	3
50	3
51	3
52	3
53	3
54	3
55	4
56	3
57	4
58	3
59	3
60	4
61	3
62	3
63	4
64	4
65	4
66	3
67	4
68	3
69	4
70	4
71	3
72	4
73	3
74	3
75	3
76	4
77	3
78	4
79	4
80	3
81	4
82	3
83	4
84	4
85	3
86	3
87	3
88	3
89	4
90	3
91	4
92	3
93	3
94	4
95	4
96	3
97	3
98	3
99	3
100	3
101	4
102	3
103	3
104	4
105	3
106	3
107	3
108	3
109	4
110	4
111	3
112	3
113	4
114	4
115	3
116	3
117	3
118	3
119	4
120	4
121	3
122	3
123	3
124	3
125	4
126	3
127	4
128	3
129	3
130	3
131	3
132	4
133	4
134	3
135	3
136	3
137	3
138	4
139	3
140	3
141	4
142	4
143	4
144	4
145	4
146	3
147	3
148	3
149	4
150	3
151	4
152	4
153	3
154	3
155	3
156	4
157	3
158	4
159	3
160	4
161	3
162	3
163	3
164	4
165	4
166	4
167	3
168	3
169	3
170	4
171	3
172	4
173	4
174	3
175	4
176	3
177	4
178	3
179	4
180	4
181	3
182	4
183	4
184	3
185	4
186	3
187	3
188	4
189	4
190	4
191	3
192	3
193	4
194	4
195	4
196	4
197	4
198	4
199	3
200	4
/
;
Table TP(i,w)    Tempo de processamento de i em w
         1        2        3        
1        654      1005     949      
2        329      1105     643      
3        916      950      339      
4        760      392      666      
5        509      1125     744      
6        991      974      499      
7        678      765      496      
8        555      1183     383      
9        662      728      767      
10       882      979      487      
11       597      1200     886      
12       1074     658      1069     
13       729      641      864      
14       613      1060     462      
15       883      326      523      
16       908      984      597      
17       786      342      469      
18       1137     811      582      
19       893      715      1007     
20       1056     632      505      
21       1099     561      527      
22       783      1111     701      
23       709      546      714      
24       804      1063     404      
25       732      434      1114     
26       688      747      725      
27       886      1152     1181     
28       904      368      700      
29       792      564      604      
30       729      480      539      
31       767      707      1027     
32       410      355      903      
33       939      373      717      
34       1133     891      461      
35       1069     710      404      
36       1012     514      449      
37       1182     895      353      
38       1119     837      1131     
39       350      439      343      
40       1169     888      939      
41       469      778      966      
42       476      788      945      
43       466      489      890      
44       887      754      1064     
45       378      391      762      
46       536      1026     391      
47       320      1018     353      
48       935      849      726      
49       1096     358      852      
50       820      508      410      
51       381      666      1023     
52       398      337      663      
53       1147     895      735      
54       832      668      730      
55       1033     358      650      
56       334      1085     807      
57       740      826      340      
58       718      969      1122     
59       1159     748      767      
60       958      633      895      
61       725      838      657      
62       318      459      468      
63       794      937      1105     
64       487      974      305      
65       694      548      743      
66       624      535      454      
67       693      961      434      
68       1190     773      672      
69       480      918      1147     
70       548      542      803      
71       649      1191     1127     
72       1182     654      714      
73       730      404      500      
74       1098     757      337      
75       607      1162     980      
76       1091     1182     1015     
77       555      930      592      
78       626      924      924      
79       715      342      984      
80       538      1133     1066     
81       1007     1089     914      
82       306      639      363      
83       970      507      991      
84       467      1096     1121     
85       341      1057     472      
86       893      1033     785      
87       883      1189     571      
88       344      467      494      
89       794      775      505      
90       471      1031     1036     
91       1181     891      1117     
92       717      366      764      
93       310      825      820      
94       1051     850      895      
95       1099     803      1143     
96       568      838      1060     
97       507      574      805      
98       913      1167     1059     
99       764      499      395      
100      729      627      424      
101      711      565      441      
102      1017     634      1140     
103      729      351      952      
104      385      332      694      
105      960      1112     466      
106      802      987      561      
107      1086     729      704      
108      622      925      423      
109      407      589      478      
110      569      1063     839      
111      770      437      997      
112      335      801      502      
113      400      836      1125     
114      740      318      915      
115      533      1096     1178     
116      842      997      676      
117      342      543      1032     
118      765      751      940      
119      424      853      589      
120      871      439      957      
121      370      983      1069     
122      423      1104     700      
123      1024     758      399      
124      650      1080     1145     
125      1143     795      639      
126      634      521      540      
127      1043     774      801      
128      372      471      620      
129      606      844      1089     
130      852      397      984      
131      948      763      330      
132      868      554      477      
133      531      1123     795      
134      1011     919      810      
135      1164     832      1113     
136      558      398      423      
137      506      903      1179     
138      1057     1135     1141     
139      749      833      802      
140      864      825      1076     
141      1111     618      656      
142      1025     780      534      
143      889      1110     626      
144      302      723      592      
145      998      762      655      
146      1177     449      513      
147      1044     649      578      
148      710      1089     1084     
149      1103     570      1170     
150      1130     1091     583      
151      761      1159     811      
152      510      981      551      
153      975      312      941      
154      1037     1144     899      
155      556      1161     333      
156      974      819      921      
157      428      459      909      
158      947      865      902      
159      862      354      517      
160      651      1051     860      
161      319      934      559      
162      516      966      967      
163      603      306      865      
164      919      455      911      
165      690      1008     337      
166      826      832      357      
167      824      999      315      
168      1041     821      1001     
169      872      951      402      
170      1075     960      338      
171      476      959      812      
172      1044     1191     920      
173      519      998      792      
174      1118     1007     429      
175      845      492      1035     
176      1121     1087     1022     
177      363      657      1086     
178      966      376      733      
179      759      567      317      
180      397      813      876      
181      301      794      628      
182      379      482      705      
183      1143     511      1143     
184      672      1093     1116     
185      469      489      787      
186      544      435      592      
187      351      1128     648      
188      897      535      547      
189      669      1185     376      
190      779      468      936      
191      1144     851      1044     
192      315      1163     467      
193      498      1187     372      
194      869      1084     517      
195      1047     502      378      
196      775      940      960      
197      356      427      909      
198      597      358      713      
199      1127     593      381      
200      366      1091     978      
;



Table CP(j,w)    Capacidade produtiva de w em j
         1        2        3        
1        23040    23040    23040    
2        23040    23040    23040    
3        23040    23040    23040    
4        23040    23040    23040    
5        23040    23040    23040    
;



