sets
    j        periodos de programacao          /1*9/
    i        indice dos pedidos              /1*50/
    w        indice dos estagios produtivos  /1*7/
    ;

    Parameters

    beta
    /0.0/
    tau(i)   custo diario de atraso do pedido i
/
1	7
2	9
3	9
4	7
5	5
6	7
7	9
8	5
9	9
10	9
11	9
12	8
13	7
14	6
15	7
16	6
17	7
18	9
19	9
20	6
21	8
22	9
23	9
24	9
25	9
26	6
27	6
28	6
29	5
30	7
31	5
32	6
33	5
34	7
35	9
36	6
37	8
38	9
39	5
40	7
41	7
42	6
43	6
44	9
45	5
46	8
47	6
48	8
49	7
50	6
/

upsilon(w)       custo de operacao do setor produtivo w
/
1	9
2	5
3	2
4	4
5	4
6	7
7	5
/

d(i)     data de entrega de i
/
1	8
2	7
3	7
4	8
5	8
6	7
7	8
8	8
9	7
10	8
11	7
12	8
13	7
14	7
15	8
16	8
17	7
18	8
19	8
20	8
21	7
22	8
23	8
24	7
25	7
26	7
27	8
28	7
29	8
30	7
31	8
32	8
33	8
34	8
35	8
36	8
37	7
38	7
39	8
40	7
41	8
42	7
43	7
44	8
45	8
46	7
47	8
48	7
49	7
50	7
/
;
Table TP(i,w)    Tempo de processamento de i em w
         1        2        3        4        5        6        7        
1        1025     525      445      581      905      1152     825      
2        527      744      1029     1101     301      1170     606      
3        445      369      633      647      823      1183     1157     
4        489      559      350      965      1018     1060     635      
5        586      686      668      435      1006     767      394      
6        742      444      319      951      475      1196     626      
7        869      1102     538      345      1153     820      737      
8        519      714      1105     1004     554      1179     836      
9        976      438      1126     1135     1067     461      1142     
10       1130     1190     790      857      404      486      383      
11       424      303      934      406      571      746      506      
12       833      1128     823      1118     430      800      1105     
13       791      895      1120     1173     698      886      1120     
14       661      1075     893      840      1047     644      409      
15       713      495      649      1118     736      845      533      
16       1011     702      642      838      685      350      727      
17       835      1076     624      962      559      678      433      
18       742      581      684      361      981      431      1114     
19       1183     858      779      804      325      1197     507      
20       322      938      864      511      359      725      664      
21       717      946      641      1049     318      464      1093     
22       468      488      1018     894      565      1117     1168     
23       574      501      500      377      852      549      1050     
24       824      1077     433      1017     335      376      1132     
25       591      1180     942      386      500      608      378      
26       897      537      931      491      599      837      1103     
27       887      968      1055     924      680      585      813      
28       613      615      1013     759      494      332      807      
29       592      941      921      578      1114     430      831      
30       849      368      874      343      356      436      463      
31       416      1099     875      756      366      571      861      
32       626      955      735      815      686      1038     739      
33       769      619      583      610      367      574      501      
34       685      1031     944      679      780      1140     609      
35       360      710      1200     426      319      1020     1118     
36       313      1014     1104     1024     410      865      776      
37       470      804      431      463      1164     1116     977      
38       923      1092     798      437      830      683      1035     
39       360      786      511      816      1185     633      1023     
40       812      772      1085     1154     307      1087     840      
41       528      1129     477      857      1036     589      769      
42       359      740      928      346      990      1059     747      
43       648      1103     371      733      441      1016     778      
44       707      1117     680      316      972      662      636      
45       317      447      985      529      644      354      500      
46       352      611      1052     1085     946      1015     1056     
47       830      410      1105     677      586      656      1093     
48       502      1113     819      636      1025     766      580      
49       595      739      352      461      1089     839      610      
50       378      1021     552      705      1131     653      963      
;



Table CP(j,w)    Capacidade produtiva de w em j
         1        2        3        4        5        6        7        
1        23040    23040    23040    23040    23040    23040    23040    
2        23040    23040    23040    23040    23040    23040    23040    
3        23040    23040    23040    23040    23040    23040    23040    
4        23040    23040    23040    23040    23040    23040    23040    
5        23040    23040    23040    23040    23040    23040    23040    
6        23040    23040    23040    23040    23040    23040    23040    
7        23040    23040    23040    23040    23040    23040    23040    
8        23040    23040    23040    23040    23040    23040    23040    
9        23040    23040    23040    23040    23040    23040    23040    
;



