sets
    j        periodos de programacao          /1*7/
    i        indice dos pedidos              /1*50/
    w        indice dos estagios produtivos  /1*5/
    ;

    Parameters

    beta
    /0.0/
    tau(i)   custo diario de atraso do pedido i
/
1	8
2	9
3	6
4	8
5	7
6	6
7	6
8	6
9	6
10	9
11	5
12	7
13	7
14	6
15	8
16	7
17	9
18	8
19	5
20	9
21	9
22	8
23	7
24	8
25	9
26	9
27	5
28	6
29	5
30	9
31	9
32	8
33	5
34	7
35	9
36	8
37	9
38	9
39	8
40	7
41	8
42	6
43	5
44	5
45	7
46	5
47	7
48	6
49	5
50	9
/

upsilon(w)       custo de operacao do setor produtivo w
/
1	8
2	8
3	3
4	7
5	2
/

d(i)     data de entrega de i
/
1	5
2	6
3	5
4	5
5	6
6	6
7	5
8	6
9	5
10	6
11	6
12	6
13	5
14	5
15	6
16	6
17	6
18	6
19	6
20	6
21	5
22	5
23	6
24	6
25	6
26	5
27	6
28	6
29	6
30	6
31	6
32	6
33	6
34	6
35	6
36	6
37	6
38	5
39	5
40	5
41	5
42	6
43	6
44	5
45	5
46	6
47	5
48	6
49	6
50	6
/
;
Table TP(i,w)    Tempo de processamento de i em w
         1        2        3        4        5        
1        431      724      682      651      833      
2        1072     674      923      526      737      
3        471      840      987      1200     496      
4        713      735      590      1146     732      
5        452      1020     677      1072     665      
6        585      361      790      327      474      
7        370      363      371      911      919      
8        657      567      474      1157     478      
9        425      540      1104     968      1144     
10       646      350      1176     917      1085     
11       930      932      681      1051     585      
12       340      407      1182     442      1053     
13       839      515      818      1054     663      
14       390      539      1050     1171     840      
15       587      798      1060     604      1124     
16       1099     912      938      349      458      
17       915      1032     314      850      400      
18       425      952      512      1164     1126     
19       399      1039     782      1088     461      
20       832      479      820      938      1183     
21       562      1007     1192     795      1103     
22       403      691      355      457      1086     
23       825      311      650      688      924      
24       584      1031     773      919      442      
25       1122     833      1020     675      311      
26       556      658      1120     436      595      
27       445      899      489      685      441      
28       929      661      468      398      840      
29       1009     462      639      417      888      
30       1009     556      810      620      471      
31       844      590      941      420      411      
32       410      947      489      889      418      
33       907      1053     906      429      1192     
34       352      823      1141     854      315      
35       962      968      389      795      1028     
36       1183     616      1152     545      778      
37       363      512      328      731      481      
38       1149     428      1098     721      705      
39       529      389      1091     456      1029     
40       1162     874      346      780      528      
41       589      780      570      686      335      
42       819      466      1061     320      1036     
43       1036     372      831      1054     743      
44       750      906      572      593      929      
45       543      1079     665      687      398      
46       528      753      641      647      667      
47       1079     1027     308      453      339      
48       689      1138     931      679      772      
49       1080     506      1076     735      881      
50       1004     709      1167     1149     406      
;



Table CP(j,w)    Capacidade produtiva de w em j
         1        2        3        4        5        
1        23040    23040    23040    23040    23040    
2        23040    23040    23040    23040    23040    
3        23040    23040    23040    23040    23040    
4        23040    23040    23040    23040    23040    
5        23040    23040    23040    23040    23040    
6        23040    23040    23040    23040    23040    
7        23040    23040    23040    23040    23040    
;



