sets
    j        periodos de programacao          /1*9/
    i        indice dos pedidos              /1*30/
    w        indice dos estagios produtivos  /1*7/
    ;

    Parameters

    beta
    /0.0/
    tau(i)   custo diario de atraso do pedido i
/
1	5
2	8
3	6
4	9
5	6
6	6
7	8
8	5
9	5
10	8
11	7
12	6
13	8
14	5
15	8
16	6
17	9
18	7
19	5
20	9
21	5
22	9
23	6
24	6
25	6
26	7
27	6
28	6
29	7
30	9
/

upsilon(w)       custo de operacao do setor produtivo w
/
1	4
2	2
3	5
4	3
5	8
6	8
7	8
/

d(i)     data de entrega de i
/
1	8
2	8
3	7
4	8
5	8
6	7
7	8
8	7
9	8
10	8
11	8
12	8
13	8
14	8
15	7
16	8
17	8
18	7
19	7
20	8
21	7
22	8
23	7
24	8
25	7
26	7
27	7
28	7
29	7
30	8
/
;
Table TP(i,w)    Tempo de processamento de i em w
         1        2        3        4        5        6        7        
1        994      679      401      1083     576      797      301      
2        497      1078     613      1088     739      1101     762      
3        816      500      602      1094     1155     913      557      
4        989      1179     828      493      528      1091     514      
5        647      835      1082     650      965      1046     745      
6        924      1059     489      826      443      672      766      
7        1013     320      939      655      1137     589      356      
8        1013     983      492      971      539      1075     732      
9        409      591      826      1152     1165     664      584      
10       1081     1142     1095     660      920      1167     578      
11       1137     472      709      392      341      938      1028     
12       855      776      1130     1172     903      582      334      
13       1174     385      727      940      951      473      833      
14       646      762      391      798      934      1122     597      
15       488      727      764      1008     336      705      603      
16       379      359      437      854      369      1000     1098     
17       346      736      1132     685      743      525      903      
18       311      905      406      1091     617      318      473      
19       960      815      933      646      1129     1086     1037     
20       741      306      796      588      424      934      434      
21       525      420      781      798      885      809      994      
22       1159     703      1121     1034     1129     1159     314      
23       440      630      818      1135     713      719      393      
24       1093     951      582      497      651      1025     400      
25       656      841      937      466      685      1067     1054     
26       427      328      784      1167     654      958      1045     
27       729      575      988      359      1129     1072     678      
28       529      916      834      357      799      916      1178     
29       601      1151     728      741      495      545      681      
30       822      318      1193     748      927      967      467      
;



Table CP(j,w)    Capacidade produtiva de w em j
         1        2        3        4        5        6        7        
1        23040    23040    23040    23040    23040    23040    23040    
2        23040    23040    23040    23040    23040    23040    23040    
3        23040    23040    23040    23040    23040    23040    23040    
4        23040    23040    23040    23040    23040    23040    23040    
5        23040    23040    23040    23040    23040    23040    23040    
6        23040    23040    23040    23040    23040    23040    23040    
7        23040    23040    23040    23040    23040    23040    23040    
8        23040    23040    23040    23040    23040    23040    23040    
9        23040    23040    23040    23040    23040    23040    23040    
;



