sets
    j        periodos de programacao          /1*7/
    i        indice dos pedidos              /1*30/
    w        indice dos estagios produtivos  /1*5/
    ;

    Parameters

    beta
    /0.0/
    tau(i)   custo diario de atraso do pedido i
/
1	7
2	8
3	5
4	6
5	5
6	5
7	9
8	5
9	9
10	8
11	9
12	8
13	6
14	6
15	7
16	6
17	6
18	5
19	6
20	5
21	8
22	8
23	9
24	5
25	6
26	8
27	6
28	7
29	6
30	8
/

upsilon(w)       custo de operacao do setor produtivo w
/
1	8
2	7
3	9
4	3
5	7
/

d(i)     data de entrega de i
/
1	6
2	6
3	5
4	5
5	5
6	6
7	5
8	5
9	5
10	5
11	5
12	6
13	6
14	5
15	5
16	6
17	5
18	6
19	5
20	6
21	6
22	5
23	6
24	5
25	6
26	5
27	5
28	6
29	6
30	5
/
;
Table TP(i,w)    Tempo de processamento de i em w
         1        2        3        4        5        
1        923      1092     1133     934      658      
2        408      1049     841      776      689      
3        841      528      713      636      535      
4        883      603      465      512      1008     
5        827      1047     349      634      825      
6        499      438      566      314      592      
7        987      1077     325      684      1030     
8        724      862      777      880      632      
9        533      668      928      537      533      
10       374      661      825      411      680      
11       438      1052     855      634      636      
12       875      317      980      1123     976      
13       464      617      483      817      753      
14       346      566      1123     1031     763      
15       832      806      737      975      998      
16       889      948      776      743      347      
17       556      867      760      490      732      
18       404      585      582      360      929      
19       1192     499      685      648      1046     
20       752      513      567      885      312      
21       461      930      1136     822      1194     
22       613      455      1174     693      425      
23       344      728      865      598      896      
24       375      443      727      1105     429      
25       540      1170     988      504      1090     
26       1096     758      917      878      977      
27       1010     903      606      985      542      
28       645      647      764      1028     599      
29       875      532      714      1027     522      
30       822      1170     527      724      1021     
;



Table CP(j,w)    Capacidade produtiva de w em j
         1        2        3        4        5        
1        23040    23040    23040    23040    23040    
2        23040    23040    23040    23040    23040    
3        23040    23040    23040    23040    23040    
4        23040    23040    23040    23040    23040    
5        23040    23040    23040    23040    23040    
6        23040    23040    23040    23040    23040    
7        23040    23040    23040    23040    23040    
;



