sets
    j        periodos de programacao          /1*9/
    i        indice dos pedidos              /1*50/
    w        indice dos estagios produtivos  /1*7/
    ;

    Parameters

    beta
    /0.0/
    tau(i)   custo diario de atraso do pedido i
/
1	9
2	7
3	8
4	5
5	8
6	8
7	9
8	5
9	5
10	6
11	6
12	7
13	5
14	9
15	9
16	8
17	6
18	6
19	6
20	8
21	8
22	6
23	5
24	7
25	8
26	9
27	9
28	9
29	5
30	6
31	5
32	9
33	9
34	9
35	8
36	5
37	8
38	9
39	5
40	9
41	7
42	5
43	6
44	7
45	9
46	9
47	9
48	5
49	9
50	7
/

upsilon(w)       custo de operacao do setor produtivo w
/
1	9
2	9
3	6
4	6
5	6
6	8
7	5
/

d(i)     data de entrega de i
/
1	7
2	8
3	7
4	8
5	8
6	8
7	8
8	8
9	7
10	7
11	8
12	7
13	8
14	7
15	7
16	8
17	8
18	7
19	8
20	8
21	7
22	7
23	8
24	7
25	8
26	7
27	7
28	7
29	7
30	8
31	8
32	8
33	7
34	8
35	8
36	7
37	7
38	8
39	8
40	7
41	8
42	7
43	8
44	7
45	7
46	7
47	7
48	7
49	8
50	8
/
;
Table TP(i,w)    Tempo de processamento de i em w
         1        2        3        4        5        6        7        
1        845      432      790      725      920      814      512      
2        799      796      949      1006     852      406      601      
3        1144     474      689      402      629      781      413      
4        864      893      1164     629      802      616      786      
5        1043     410      671      1004     747      316      500      
6        374      510      551      1043     634      760      719      
7        794      760      392      377      763      343      832      
8        641      585      1058     598      1189     896      655      
9        555      339      1068     539      847      357      514      
10       950      944      647      980      540      1020     942      
11       704      1020     916      1162     899      616      755      
12       349      338      579      1022     472      808      925      
13       388      753      1063     1128     1162     1130     572      
14       859      332      1117     605      1077     399      768      
15       941      356      1081     639      1162     969      1148     
16       872      870      1081     375      430      549      1070     
17       929      766      1071     671      662      682      459      
18       970      452      1027     933      691      754      509      
19       584      1154     1160     486      547      827      360      
20       1079     666      776      356      682      1025     1186     
21       609      527      821      947      559      388      690      
22       968      361      899      945      346      759      823      
23       841      762      731      1014     1088     731      458      
24       522      312      1174     446      932      1164     1052     
25       1033     1116     1084     1134     985      442      312      
26       530      393      310      707      1188     361      470      
27       962      1017     883      339      688      1108     538      
28       878      720      529      775      366      744      830      
29       707      647      751      985      581      1158     735      
30       498      598      481      409      668      716      867      
31       1134     335      1003     889      1057     355      323      
32       652      552      365      587      350      420      588      
33       1064     696      1142     537      1121     1088     868      
34       726      656      936      464      348      479      865      
35       682      771      658      609      493      381      862      
36       1175     341      447      596      930      958      529      
37       981      1196     580      322      651      553      940      
38       632      1112     861      556      340      1194     1119     
39       869      803      339      526      546      756      421      
40       596      1131     954      485      955      621      1071     
41       492      947      938      1110     798      897      750      
42       1173     683      1092     840      303      353      764      
43       839      346      1033     737      520      887      1070     
44       384      559      1192     731      433      1190     568      
45       978      421      377      456      1185     968      477      
46       866      1036     417      674      468      384      766      
47       489      818      572      448      998      1108     557      
48       939      640      875      493      815      840      686      
49       779      622      737      1182     1010     307      829      
50       329      451      1110     816      696      622      718      
;



Table CP(j,w)    Capacidade produtiva de w em j
         1        2        3        4        5        6        7        
1        23040    23040    23040    23040    23040    23040    23040    
2        23040    23040    23040    23040    23040    23040    23040    
3        23040    23040    23040    23040    23040    23040    23040    
4        23040    23040    23040    23040    23040    23040    23040    
5        23040    23040    23040    23040    23040    23040    23040    
6        23040    23040    23040    23040    23040    23040    23040    
7        23040    23040    23040    23040    23040    23040    23040    
8        23040    23040    23040    23040    23040    23040    23040    
9        23040    23040    23040    23040    23040    23040    23040    
;



