sets
    j        periodos de programacao          /1*11/
    i        indice dos pedidos              /1*50/
    w        indice dos estagios produtivos  /1*7/
    ;

    Parameters

    beta
    /0.0/
    tau(i)   custo diario de atraso do pedido i
/
1	5
2	8
3	9
4	7
5	5
6	6
7	5
8	8
9	9
10	7
11	9
12	7
13	5
14	8
15	9
16	6
17	6
18	5
19	5
20	6
21	6
22	7
23	6
24	6
25	8
26	9
27	5
28	8
29	9
30	5
31	8
32	6
33	5
34	5
35	9
36	7
37	6
38	5
39	7
40	8
41	9
42	8
43	8
44	8
45	9
46	8
47	9
48	6
49	6
50	5
/

upsilon(w)       custo de operacao do setor produtivo w
/
1	7
2	3
3	4
4	6
5	1
6	7
7	7
/

d(i)     data de entrega de i
/
1	7
2	9
3	10
4	10
5	10
6	8
7	7
8	9
9	7
10	9
11	9
12	9
13	8
14	10
15	9
16	9
17	10
18	8
19	7
20	7
21	7
22	9
23	8
24	8
25	7
26	9
27	10
28	7
29	7
30	7
31	10
32	7
33	9
34	8
35	8
36	7
37	10
38	7
39	7
40	7
41	10
42	10
43	10
44	10
45	8
46	7
47	7
48	8
49	8
50	10
/
;
Table TP(i,w)    Tempo de processamento de i em w
         1        2        3        4        5        6        7        
1        337      971      1163     415      1063     338      342      
2        1026     656      1196     472      770      997      853      
3        360      340      474      1112     941      847      1072     
4        1081     540      788      1070     1166     955      783      
5        443      343      359      504      798      1155     1016     
6        530      713      1173     968      744      581      1013     
7        621      676      547      425      778      317      367      
8        508      884      791      1004     1148     640      934      
9        373      399      656      746      327      671      984      
10       340      1059     578      1116     956      493      510      
11       712      656      696      993      735      463      593      
12       1083     997      357      406      1123     1123     619      
13       1199     1193     772      546      640      464      1138     
14       410      630      759      968      964      956      864      
15       954      430      744      492      304      987      434      
16       1079     597      393      599      952      731      653      
17       561      879      646      1161     669      654      1149     
18       549      747      780      1040     998      1013     997      
19       759      631      698      734      528      1034     316      
20       858      907      889      1158     1032     344      399      
21       473      385      842      947      913      556      1069     
22       1092     756      484      765      378      697      836      
23       678      1104     923      314      656      1010     378      
24       587      491      899      765      904      1194     705      
25       652      415      1042     1126     983      959      359      
26       301      768      815      322      434      854      540      
27       1020     715      430      484      884      515      950      
28       874      945      797      1031     612      930      727      
29       1072     1157     538      1100     1120     555      1144     
30       1181     492      831      1167     1044     892      869      
31       807      1101     932      586      847      1132     464      
32       586      1147     455      993      820      1052     405      
33       768      430      389      485      331      325      363      
34       852      989      1038     994      565      548      899      
35       434      984      1054     776      1003     456      756      
36       698      687      1185     438      979      597      565      
37       351      336      925      300      692      409      439      
38       1175     400      871      921      898      1087     616      
39       915      516      1089     809      402      990      845      
40       387      906      851      453      915      983      646      
41       711      696      997      1062     997      907      348      
42       388      549      1165     332      1133     944      760      
43       804      734      587      583      1160     1126     318      
44       813      569      891      450      741      648      573      
45       710      351      427      986      652      609      1110     
46       531      981      950      899      424      788      917      
47       859      755      325      1129     1075     397      1175     
48       844      557      546      1084     1014     554      312      
49       555      743      548      979      693      999      555      
50       374      720      711      415      806      1084     309      
;



Table CP(j,w)    Capacidade produtiva de w em j
         1        2        3        4        5        6        7        
1        23040    23040    23040    23040    23040    23040    23040    
2        23040    23040    23040    23040    23040    23040    23040    
3        23040    23040    23040    23040    23040    23040    23040    
4        23040    23040    23040    23040    23040    23040    23040    
5        23040    23040    23040    23040    23040    23040    23040    
6        23040    23040    23040    23040    23040    23040    23040    
7        23040    23040    23040    23040    23040    23040    23040    
8        23040    23040    23040    23040    23040    23040    23040    
9        23040    23040    23040    23040    23040    23040    23040    
10       23040    23040    23040    23040    23040    23040    23040    
11       23040    23040    23040    23040    23040    23040    23040    
;



