sets
    j        periodos de programacao          /1*9/
    i        indice dos pedidos              /1*200/
    w        indice dos estagios produtivos  /1*7/
    ;

    Parameters

    beta
    /0.0/
    tau(i)   custo diario de atraso do pedido i
/
1	5
2	7
3	7
4	7
5	6
6	8
7	9
8	8
9	7
10	6
11	5
12	6
13	9
14	7
15	5
16	7
17	9
18	6
19	8
20	9
21	5
22	7
23	9
24	5
25	8
26	6
27	9
28	9
29	9
30	6
31	6
32	5
33	9
34	7
35	6
36	9
37	9
38	8
39	7
40	8
41	7
42	9
43	8
44	8
45	5
46	7
47	9
48	8
49	7
50	9
51	9
52	9
53	7
54	5
55	9
56	8
57	5
58	9
59	6
60	9
61	9
62	9
63	5
64	7
65	7
66	5
67	6
68	7
69	8
70	5
71	9
72	7
73	9
74	5
75	6
76	7
77	6
78	7
79	8
80	6
81	9
82	5
83	8
84	9
85	9
86	6
87	9
88	9
89	8
90	6
91	5
92	6
93	5
94	9
95	9
96	9
97	8
98	9
99	5
100	6
101	5
102	9
103	8
104	7
105	6
106	6
107	6
108	7
109	9
110	5
111	5
112	7
113	7
114	7
115	9
116	8
117	9
118	5
119	8
120	8
121	9
122	5
123	7
124	7
125	8
126	9
127	7
128	5
129	8
130	8
131	5
132	7
133	9
134	6
135	6
136	8
137	9
138	7
139	6
140	5
141	9
142	9
143	5
144	8
145	6
146	7
147	6
148	6
149	9
150	5
151	9
152	6
153	7
154	9
155	7
156	8
157	7
158	7
159	7
160	9
161	6
162	8
163	6
164	8
165	8
166	9
167	9
168	8
169	9
170	9
171	5
172	9
173	5
174	7
175	6
176	5
177	6
178	9
179	8
180	5
181	5
182	8
183	6
184	5
185	7
186	9
187	6
188	5
189	7
190	5
191	7
192	5
193	5
194	5
195	7
196	7
197	5
198	7
199	9
200	8
/

upsilon(w)       custo de operacao do setor produtivo w
/
1	1
2	4
3	5
4	6
5	3
6	5
7	5
/

d(i)     data de entrega de i
/
1	8
2	8
3	8
4	8
5	7
6	7
7	8
8	7
9	7
10	7
11	8
12	7
13	7
14	7
15	8
16	7
17	8
18	7
19	7
20	8
21	7
22	8
23	7
24	8
25	8
26	8
27	7
28	7
29	8
30	8
31	7
32	7
33	7
34	7
35	8
36	8
37	8
38	7
39	8
40	7
41	7
42	7
43	7
44	8
45	8
46	7
47	8
48	7
49	8
50	7
51	7
52	8
53	8
54	8
55	8
56	8
57	7
58	7
59	7
60	7
61	8
62	7
63	8
64	8
65	7
66	8
67	8
68	8
69	8
70	7
71	8
72	8
73	8
74	7
75	7
76	7
77	7
78	7
79	8
80	7
81	7
82	7
83	7
84	8
85	7
86	7
87	7
88	7
89	8
90	7
91	7
92	8
93	7
94	7
95	7
96	7
97	8
98	8
99	8
100	8
101	7
102	7
103	8
104	8
105	7
106	7
107	8
108	8
109	8
110	8
111	7
112	7
113	8
114	8
115	7
116	8
117	8
118	8
119	7
120	7
121	7
122	7
123	8
124	8
125	7
126	8
127	7
128	7
129	8
130	8
131	8
132	7
133	8
134	8
135	8
136	8
137	7
138	7
139	8
140	8
141	7
142	8
143	8
144	7
145	7
146	7
147	7
148	7
149	7
150	8
151	8
152	8
153	7
154	8
155	7
156	8
157	8
158	8
159	7
160	7
161	7
162	7
163	8
164	7
165	8
166	7
167	8
168	7
169	7
170	8
171	7
172	7
173	7
174	8
175	7
176	8
177	7
178	8
179	8
180	7
181	7
182	7
183	7
184	8
185	8
186	7
187	8
188	8
189	8
190	8
191	8
192	7
193	8
194	7
195	8
196	7
197	8
198	8
199	7
200	8
/
;
Table TP(i,w)    Tempo de processamento de i em w
         1        2        3        4        5        6        7        
1        721      639      585      872      785      739      480      
2        1124     783      805      1171     430      844      838      
3        626      1075     1122     938      617      973      1053     
4        969      780      385      1051     1046     389      977      
5        1162     414      749      876      932      809      307      
6        338      1148     408      936      499      971      1183     
7        776      942      308      900      932      920      376      
8        1160     1118     514      744      1144     1118     722      
9        405      431      530      685      1164     817      552      
10       389      853      1006     491      424      988      985      
11       316      701      497      657      1033     316      782      
12       356      1016     889      811      684      829      1191     
13       1157     398      372      1059     1064     920      382      
14       794      382      733      661      353      437      825      
15       1056     1167     611      1057     600      364      683      
16       727      594      1063     768      634      682      356      
17       621      671      362      1000     698      654      1128     
18       1189     1074     595      420      794      677      548      
19       763      396      558      573      692      1055     725      
20       811      1035     1111     792      753      612      638      
21       360      1090     358      311      304      1079     447      
22       914      585      569      1010     877      865      646      
23       924      448      1104     400      956      641      1015     
24       699      1199     398      335      704      488      436      
25       891      792      660      801      959      694      670      
26       560      728      386      1197     511      453      503      
27       817      562      616      542      890      1062     468      
28       850      981      698      642      672      469      458      
29       402      561      987      302      917      832      901      
30       888      423      744      1094     613      981      599      
31       767      1084     765      957      481      349      590      
32       940      633      828      558      812      359      503      
33       993      1065     443      335      518      505      436      
34       925      610      893      1090     836      1124     389      
35       519      416      783      546      582      538      1083     
36       530      963      394      477      1179     820      888      
37       384      1088     884      1071     1118     588      673      
38       789      1159     1112     471      821      704      950      
39       1014     1133     1133     571      819      933      1087     
40       658      907      820      1012     533      778      825      
41       1035     987      699      832      472      1182     522      
42       731      1100     396      695      726      774      556      
43       948      464      1064     660      338      513      1094     
44       1101     528      556      916      1000     729      619      
45       564      1195     431      965      527      762      831      
46       379      1137     399      1012     551      672      607      
47       831      650      407      531      621      518      510      
48       852      440      876      489      1110     397      1084     
49       934      507      691      617      598      731      957      
50       928      705      1114     937      569      634      859      
51       1013     699      419      1047     319      1138     525      
52       756      1162     320      512      1097     1111     529      
53       508      715      593      679      976      369      1045     
54       322      1035     568      336      1168     438      902      
55       1168     1198     464      482      497      322      737      
56       737      311      700      797      955      840      885      
57       478      360      988      369      371      648      1017     
58       1059     1187     716      332      489      323      476      
59       828      1002     749      967      878      735      915      
60       1080     1061     745      878      605      1008     982      
61       873      367      582      955      500      417      731      
62       1086     836      697      394      896      942      1020     
63       1169     758      531      562      300      1104     541      
64       316      724      982      1097     319      821      887      
65       483      740      366      686      489      828      910      
66       640      410      441      1125     569      596      882      
67       739      469      607      845      317      1157     433      
68       458      765      583      1125     532      1200     506      
69       953      709      970      667      710      313      780      
70       319      616      1005     771      417      535      466      
71       746      761      1166     496      861      1082     604      
72       425      877      687      1147     773      898      790      
73       1140     306      399      1056     1025     960      797      
74       1074     443      447      762      524      394      807      
75       489      1158     792      525      612      579      651      
76       516      725      406      602      425      1069     667      
77       742      971      593      1056     529      470      317      
78       898      1058     773      389      701      519      1008     
79       826      543      1083     990      820      644      706      
80       701      897      340      582      637      1172     1185     
81       1108     1038     780      736      621      308      1058     
82       960      481      920      460      454      336      874      
83       697      1030     726      751      541      551      963      
84       555      697      763      973      629      1053     675      
85       594      716      387      1003     808      762      347      
86       619      521      397      716      981      377      401      
87       866      878      399      440      616      710      1136     
88       361      1171     609      796      512      308      985      
89       446      1197     1058     1012     358      1032     749      
90       338      719      937      1059     831      824      719      
91       701      798      558      673      483      919      1066     
92       1044     607      1140     584      542      356      749      
93       987      437      435      1140     984      706      730      
94       535      1126     592      762      390      726      1049     
95       382      1186     745      772      805      1043     1073     
96       790      651      1144     659      489      681      1064     
97       310      430      831      875      906      849      856      
98       1027     605      1037     1190     317      1124     363      
99       741      552      958      1097     699      1170     561      
100      868      613      728      980      632      592      734      
101      809      678      509      518      515      369      595      
102      553      617      769      897      574      707      509      
103      1052     413      1162     517      722      1176     1171     
104      963      698      354      458      1101     895      809      
105      747      868      891      545      734      1188     529      
106      541      912      811      1120     643      528      754      
107      890      429      717      393      1012     1071     990      
108      583      641      722      440      508      859      938      
109      660      1016     821      644      529      763      496      
110      528      410      403      690      578      976      684      
111      792      391      539      1158     846      547      1080     
112      1109     1178     835      342      697      558      613      
113      477      1125     553      501      987      800      892      
114      1101     804      862      335      885      480      1132     
115      411      1020     1144     631      780      1064     858      
116      919      1156     911      369      457      1129     1094     
117      651      897      871      497      986      445      830      
118      963      511      988      696      409      301      437      
119      458      417      823      322      1132     693      1024     
120      923      1182     959      499      803      848      573      
121      987      1135     505      496      1044     562      522      
122      861      808      829      798      1160     960      1127     
123      932      504      509      801      1188     1005     1011     
124      382      1196     822      561      1000     317      1011     
125      621      429      718      1110     388      749      1135     
126      1086     328      739      331      785      770      923      
127      556      509      913      603      423      1168     569      
128      487      427      350      877      694      610      1080     
129      887      1053     714      1119     727      1062     1010     
130      997      557      436      1071     874      855      1195     
131      1071     1041     1054     1160     424      1067     651      
132      1151     1111     710      566      1021     829      577      
133      671      445      478      706      523      1069     904      
134      469      372      589      1035     421      1027     704      
135      586      768      502      478      466      410      408      
136      899      452      1138     892      313      351      975      
137      381      1012     566      1124     682      669      806      
138      611      698      466      696      614      455      1010     
139      1091     1028     774      712      360      821      558      
140      823      697      1089     381      909      664      1003     
141      539      451      585      423      885      524      821      
142      809      900      862      858      1177     534      585      
143      861      1146     857      1165     714      1198     1086     
144      1200     838      480      792      426      739      447      
145      1146     973      890      590      354      1097     1006     
146      1080     973      384      984      744      310      499      
147      441      475      476      1034     337      796      1070     
148      1055     502      485      302      309      383      714      
149      863      607      1073     506      1031     920      542      
150      1083     760      1138     653      1116     441      747      
151      937      633      663      526      606      598      859      
152      612      791      349      985      627      617      856      
153      703      881      1187     955      578      500      735      
154      882      780      339      441      318      1033     935      
155      572      1085     781      859      976      959      558      
156      1101     1021     858      776      873      883      303      
157      694      1031     828      1014     683      545      489      
158      427      778      1162     920      353      703      613      
159      1055     333      303      346      939      1113     1177     
160      1071     773      981      860      985      483      984      
161      475      950      714      1164     385      742      450      
162      1178     540      337      501      910      952      1191     
163      723      533      740      426      829      1027     661      
164      780      398      415      652      596      400      1007     
165      308      772      561      758      649      678      438      
166      702      1039     1171     971      1121     1027     531      
167      598      399      943      812      1197     854      790      
168      532      640      591      805      1108     361      1005     
169      586      772      1113     494      951      997      1163     
170      440      1082     946      381      1017     774      917      
171      933      497      1002     425      521      904      925      
172      1072     316      1043     458      852      896      540      
173      417      870      605      890      688      771      697      
174      470      1110     368      501      1066     484      990      
175      744      684      1067     575      539      883      300      
176      317      666      682      381      406      722      303      
177      308      1083     538      974      1141     625      1075     
178      538      1011     508      539      1137     1118     945      
179      916      606      687      954      627      821      1111     
180      736      631      362      930      1154     543      1177     
181      721      821      424      802      935      337      921      
182      673      574      685      442      802      1137     600      
183      1105     529      743      737      965      721      743      
184      751      777      387      573      352      440      818      
185      978      986      716      867      1129     1060     826      
186      1167     870      720      400      502      1022     1175     
187      520      1192     864      359      1048     578      601      
188      489      1073     1005     1099     961      907      575      
189      834      853      924      747      1074     653      920      
190      425      838      821      965      619      755      933      
191      560      393      312      1185     1080     412      1139     
192      847      891      830      622      860      694      1026     
193      686      700      744      942      409      643      749      
194      997      750      394      864      1057     842      356      
195      1007     1077     1174     671      907      674      494      
196      311      819      726      1156     327      1082     1061     
197      1100     1157     420      488      919      985      698      
198      1083     300      672      904      1008     1151     697      
199      389      548      939      717      575      661      1122     
200      966      447      666      1117     568      1166     393      
;



Table CP(j,w)    Capacidade produtiva de w em j
         1        2        3        4        5        6        7        
1        23040    23040    23040    23040    23040    23040    23040    
2        23040    23040    23040    23040    23040    23040    23040    
3        23040    23040    23040    23040    23040    23040    23040    
4        23040    23040    23040    23040    23040    23040    23040    
5        23040    23040    23040    23040    23040    23040    23040    
6        23040    23040    23040    23040    23040    23040    23040    
7        23040    23040    23040    23040    23040    23040    23040    
8        23040    23040    23040    23040    23040    23040    23040    
9        23040    23040    23040    23040    23040    23040    23040    
;



