sets
    j        periodos de programacao          /1*5/
    i        indice dos pedidos              /1*50/
    w        indice dos estagios produtivos  /1*3/
    ;

    Parameters

    beta
    /0.0/
    tau(i)   custo diario de atraso do pedido i
/
1	6
2	8
3	6
4	9
5	9
6	9
7	8
8	5
9	5
10	7
11	8
12	7
13	5
14	9
15	6
16	8
17	5
18	7
19	8
20	9
21	8
22	9
23	6
24	9
25	9
26	8
27	7
28	6
29	6
30	5
31	7
32	7
33	8
34	7
35	5
36	5
37	9
38	9
39	7
40	6
41	8
42	9
43	9
44	5
45	7
46	5
47	6
48	5
49	6
50	9
/

upsilon(w)       custo de operacao do setor produtivo w
/
1	5
2	2
3	7
/

d(i)     data de entrega de i
/
1	4
2	3
3	4
4	3
5	4
6	4
7	4
8	3
9	3
10	4
11	4
12	4
13	4
14	3
15	3
16	3
17	4
18	3
19	3
20	4
21	4
22	3
23	3
24	4
25	4
26	4
27	3
28	4
29	3
30	3
31	3
32	4
33	3
34	4
35	4
36	4
37	3
38	4
39	3
40	3
41	3
42	4
43	3
44	4
45	4
46	4
47	4
48	4
49	3
50	4
/
;
Table TP(i,w)    Tempo de processamento de i em w
         1        2        3        
1        803      1199     1111     
2        1070     1121     617      
3        530      998      619      
4        723      586      432      
5        865      437      326      
6        561      478      496      
7        308      1049     1034     
8        919      326      1098     
9        1023     1105     307      
10       1030     514      644      
11       431      1006     1032     
12       402      1166     626      
13       789      602      726      
14       459      1011     634      
15       499      1016     878      
16       1105     1154     772      
17       364      379      394      
18       309      644      352      
19       613      808      440      
20       1030     576      861      
21       585      791      1069     
22       987      1019     997      
23       679      674      609      
24       1164     365      789      
25       777      1159     1101     
26       362      338      787      
27       876      349      944      
28       631      682      858      
29       440      995      984      
30       1150     1177     697      
31       1045     1128     528      
32       445      754      1073     
33       371      1030     500      
34       816      568      976      
35       340      762      766      
36       618      1057     825      
37       836      339      848      
38       973      989      1090     
39       852      576      719      
40       361      300      595      
41       398      1154     1190     
42       669      335      1030     
43       546      901      416      
44       597      786      801      
45       971      1191     315      
46       916      1112     994      
47       312      303      731      
48       484      323      670      
49       872      1102     736      
50       626      526      1039     
;



Table CP(j,w)    Capacidade produtiva de w em j
         1        2        3        
1        23040    23040    23040    
2        23040    23040    23040    
3        23040    23040    23040    
4        23040    23040    23040    
5        23040    23040    23040    
;



