sets
    j        periodos de programacao          /1*9/
    i        indice dos pedidos              /1*50/
    w        indice dos estagios produtivos  /1*5/
    ;

    Parameters

    beta
    /0.0/
    tau(i)   custo diario de atraso do pedido i
/
1	6
2	9
3	6
4	6
5	6
6	5
7	5
8	5
9	8
10	5
11	6
12	9
13	6
14	7
15	5
16	9
17	8
18	6
19	7
20	6
21	6
22	8
23	8
24	8
25	9
26	7
27	5
28	5
29	9
30	9
31	7
32	5
33	7
34	9
35	6
36	8
37	5
38	7
39	6
40	9
41	7
42	7
43	6
44	9
45	6
46	5
47	8
48	6
49	7
50	6
/

upsilon(w)       custo de operacao do setor produtivo w
/
1	8
2	3
3	6
4	6
5	4
/

d(i)     data de entrega de i
/
1	6
2	7
3	5
4	8
5	5
6	8
7	6
8	8
9	5
10	8
11	6
12	7
13	8
14	8
15	8
16	5
17	8
18	8
19	7
20	7
21	5
22	8
23	7
24	8
25	5
26	6
27	6
28	8
29	5
30	8
31	5
32	7
33	8
34	7
35	8
36	6
37	6
38	8
39	8
40	8
41	7
42	6
43	7
44	7
45	8
46	7
47	6
48	8
49	5
50	5
/
;
Table TP(i,w)    Tempo de processamento de i em w
         1        2        3        4        5        
1        421      410      824      629      394      
2        743      843      568      983      993      
3        666      606      1156     867      1177     
4        416      356      998      546      1080     
5        1132     900      613      360      1066     
6        650      488      610      1169     1131     
7        433      949      1144     1108     1148     
8        759      942      376      646      684      
9        565      1167     560      857      347      
10       1028     542      1149     473      707      
11       364      797      1047     850      1172     
12       617      1157     885      1150     559      
13       563      608      789      487      592      
14       493      867      1095     399      1150     
15       844      1131     315      478      380      
16       1035     841      599      1034     461      
17       720      573      1042     892      311      
18       832      1118     980      739      657      
19       817      577      919      1071     509      
20       822      714      935      936      470      
21       797      678      1122     517      816      
22       382      1123     1058     505      1088     
23       331      426      1051     333      440      
24       657      539      993      620      878      
25       846      354      613      782      728      
26       603      478      998      709      938      
27       911      451      613      329      761      
28       584      438      302      326      1113     
29       393      393      830      836      986      
30       502      761      979      454      371      
31       613      1103     1019     686      1020     
32       489      908      375      1166     304      
33       947      316      952      648      1015     
34       813      1085     452      648      366      
35       1135     536      1126     1126     818      
36       598      1091     549      977      857      
37       505      1024     440      711      1128     
38       497      1007     667      946      799      
39       754      514      423      946      963      
40       317      369      355      795      1124     
41       1163     1058     700      930      593      
42       1023     860      845      487      1025     
43       330      574      565      453      504      
44       662      917      384      1149     363      
45       458      1175     451      790      888      
46       932      958      550      316      611      
47       538      495      317      1173     566      
48       697      537      1120     558      737      
49       769      526      792      423      339      
50       392      1025     1037     1186     1052     
;



Table CP(j,w)    Capacidade produtiva de w em j
         1        2        3        4        5        
1        23040    23040    23040    23040    23040    
2        23040    23040    23040    23040    23040    
3        23040    23040    23040    23040    23040    
4        23040    23040    23040    23040    23040    
5        23040    23040    23040    23040    23040    
6        23040    23040    23040    23040    23040    
7        23040    23040    23040    23040    23040    
8        23040    23040    23040    23040    23040    
9        23040    23040    23040    23040    23040    
;



