sets
    j        periodos de programacao          /1*11/
    i        indice dos pedidos              /1*30/
    w        indice dos estagios produtivos  /1*7/
    ;

    Parameters

    beta
    /0.0/
    tau(i)   custo diario de atraso do pedido i
/
1	6
2	5
3	5
4	5
5	9
6	7
7	8
8	8
9	5
10	9
11	6
12	7
13	9
14	5
15	9
16	8
17	5
18	5
19	9
20	6
21	9
22	6
23	5
24	6
25	6
26	8
27	6
28	9
29	9
30	7
/

upsilon(w)       custo de operacao do setor produtivo w
/
1	5
2	7
3	2
4	6
5	4
6	8
7	9
/

d(i)     data de entrega de i
/
1	10
2	9
3	10
4	10
5	9
6	8
7	9
8	10
9	8
10	7
11	9
12	7
13	8
14	7
15	10
16	10
17	10
18	7
19	10
20	10
21	10
22	8
23	8
24	7
25	7
26	8
27	10
28	8
29	10
30	8
/
;
Table TP(i,w)    Tempo de processamento de i em w
         1        2        3        4        5        6        7        
1        763      433      1109     722      564      1050     737      
2        817      396      1027     339      1154     1100     1167     
3        786      625      939      467      786      438      830      
4        313      632      877      738      462      427      605      
5        639      454      605      1100     413      488      927      
6        419      1009     741      558      355      304      714      
7        654      1182     426      717      634      1156     371      
8        543      917      749      429      708      931      926      
9        816      472      1104     657      1006     916      946      
10       378      1194     324      750      516      568      386      
11       478      1184     425      386      724      546      862      
12       653      1102     333      1022     1028     1170     1024     
13       1137     813      663      1134     1014     507      994      
14       1111     884      445      948      588      1048     974      
15       345      906      344      436      1015     842      1032     
16       879      1000     1149     820      449      397      1094     
17       822      319      1188     547      428      938      1184     
18       1139     1159     901      371      1050     322      992      
19       616      375      557      372      660      1055     800      
20       633      858      527      1001     473      694      548      
21       375      559      890      901      634      950      829      
22       574      1102     793      644      873      365      952      
23       819      1020     991      965      1056     546      515      
24       1181     1106     854      1080     1183     714      1115     
25       1200     436      306      1022     772      905      556      
26       468      634      649      1118     923      419      430      
27       388      591      613      812      798      438      424      
28       1138     587      1023     823      747      735      949      
29       571      579      1002     1033     930      344      589      
30       978      550      335      454      544      846      1174     
;



Table CP(j,w)    Capacidade produtiva de w em j
         1        2        3        4        5        6        7        
1        23040    23040    23040    23040    23040    23040    23040    
2        23040    23040    23040    23040    23040    23040    23040    
3        23040    23040    23040    23040    23040    23040    23040    
4        23040    23040    23040    23040    23040    23040    23040    
5        23040    23040    23040    23040    23040    23040    23040    
6        23040    23040    23040    23040    23040    23040    23040    
7        23040    23040    23040    23040    23040    23040    23040    
8        23040    23040    23040    23040    23040    23040    23040    
9        23040    23040    23040    23040    23040    23040    23040    
10       23040    23040    23040    23040    23040    23040    23040    
11       23040    23040    23040    23040    23040    23040    23040    
;



